#Sample[#]	Predicted Power[W]	Error[W]	Absolute Percentage Error[%]
1	2.85240	-0.03664	1.30138
2	2.85240	0.28914	9.20379
3	2.85240	0.27907	8.91192
4	2.85240	0.29097	9.25666
5	2.85240	-0.22973	8.75960
6	2.85240	-0.24529	9.40859
7	2.85240	-0.25536	9.83267
8	2.85240	-0.25170	9.67808
9	2.85240	-0.26725	10.33811
10	2.85240	-0.25719	9.91013
11	2.85240	-0.25810	9.94890
12	2.85240	-0.24804	9.52393
13	2.85240	-0.25902	9.98770
14	2.85240	-0.25902	9.98770
15	2.85240	-0.26085	10.06538
16	2.85240	-0.24895	9.56243
17	2.85240	-0.24987	9.60095
18	2.85240	-0.25719	9.91013
19	2.85240	-0.25353	9.75532
20	2.85240	0.23698	7.67076
21	2.85240	-0.24163	9.25520
22	2.85240	-0.25078	9.63950
23	2.85240	-0.26085	10.06538
24	2.85240	-0.24895	9.56243
25	2.85240	-0.26085	10.06538
26	2.85240	-0.24712	9.48546
27	2.85240	-0.23431	8.94968
28	2.85240	-0.24987	9.60095
29	2.85240	-0.24712	9.48546
30	2.85240	-0.26268	10.14316
31	2.85240	-0.25536	9.83267
32	2.85240	-0.25078	9.63950
33	2.85240	-0.25078	9.63950
34	2.85240	-0.25719	9.91013
35	2.85240	-0.04396	1.56545
36	2.85240	-0.24804	9.52393
37	2.85240	-0.24895	9.56243
38	2.85240	-0.26542	10.26005
39	2.85240	-0.25627	9.87139
40	2.85240	-0.25536	9.83267
41	2.85240	-0.25353	9.75532
42	2.85240	-0.25353	9.75532
43	2.85240	-0.25353	9.75532
44	2.85240	-0.24987	9.60095
45	2.85240	-0.25078	9.63950
46	2.85240	-0.23431	8.94968
47	2.85240	-0.24987	9.60095
48	2.85240	-0.26268	10.14316
49	2.85240	-0.25536	9.83267
50	2.85240	-0.26725	10.33811
51	2.85240	-0.24438	9.37020
52	2.85240	-0.25353	9.75532
53	2.85240	-0.25810	9.94890
54	2.85240	-0.24163	9.25520
55	2.85240	-0.24621	9.44701
56	2.85240	-0.25627	9.87139
57	2.85240	-0.24987	9.60095
58	2.85240	-0.25444	9.79398
59	2.85240	-0.26085	10.06538
60	2.85240	-0.24346	9.33184
61	2.85240	-0.25261	9.71669
62	2.85240	-0.25170	9.67808
63	2.85240	-0.24712	9.48546
64	2.85240	0.21959	7.14818
65	2.85240	-0.24712	9.48546
66	2.85240	-0.24438	9.37020
67	2.85240	-0.24987	9.60095
68	2.85240	-0.25810	9.94890
69	2.85240	-0.26085	10.06538
70	2.85240	-0.25810	9.94890
71	2.85240	-0.24621	9.44701
72	2.85240	-0.24621	9.44701
73	2.85240	-0.24346	9.33184
74	2.85240	-0.24346	9.33184
75	2.85240	-0.25810	9.94890
76	2.85240	-0.24346	9.33184
77	2.85240	-0.23523	8.98778
78	2.85240	-0.25810	9.94890
79	2.85240	-0.25078	9.63950
80	2.85240	-0.26817	10.37719
81	2.85240	-0.24712	9.48546
82	2.85240	-0.24255	9.29350
83	2.85240	-0.25993	10.02652
84	2.85240	-0.25261	9.71669
85	2.85240	-0.24621	9.44701
86	2.85240	-0.26268	10.14316
87	2.85240	-0.24255	9.29350
88	2.85240	-0.23889	9.14043
89	2.85240	-0.25536	9.83267
90	2.85240	-0.24621	9.44701
91	2.85240	-0.24987	9.60095
92	2.85240	-0.23248	8.87357
93	2.85240	0.24338	7.86181
94	2.85240	-0.24804	9.52393
95	2.85240	-0.24621	9.44701
96	2.85240	-0.24712	9.48546
97	2.85240	-0.25536	9.83267
98	2.85240	-0.25261	9.71669
99	2.85240	-0.24529	9.40859
100	2.85240	-0.24255	9.29350
101	2.85240	-0.23157	8.83556
102	2.85240	-0.24804	9.52393
103	2.85240	-0.26268	10.14316
104	2.85240	-0.24895	9.56243
105	2.85240	-0.25719	9.91013
106	2.85240	-0.25810	9.94890
107	2.85240	-0.26176	10.10426
108	2.85240	-0.24072	9.21691
109	2.85240	-0.24895	9.56243
110	2.85240	-0.23980	9.17866
111	2.85240	-0.24621	9.44701
112	2.85240	-0.24804	9.52393
113	2.85240	-0.25078	9.63950
114	2.85240	-0.24804	9.52393
115	2.85240	-0.22973	8.75960
116	2.85240	-0.25170	9.67808
117	2.85240	-0.24163	9.25520
118	2.85240	-0.25261	9.71669
119	2.85240	-0.24621	9.44701
120	2.85240	-0.25536	9.83267
121	2.85240	-0.23980	9.17866
122	2.85240	0.20861	6.81507
123	2.85240	-0.24895	9.56243
124	2.85240	-0.24346	9.33184
125	2.85240	-0.25536	9.83267
126	2.85240	-0.25536	9.83267
127	2.85240	-0.25261	9.71669
128	2.85240	-0.23889	9.14043
129	2.85240	-0.24163	9.25520
130	2.85240	-0.24255	9.29350
131	2.85240	-0.25353	9.75532
132	2.85240	-0.24529	9.40859
133	2.85240	-0.25902	9.98770
134	2.85240	-0.25353	9.75532
135	2.85240	-0.24346	9.33184
136	2.85240	-0.25444	9.79398
137	2.85240	-0.24529	9.40859
138	2.85240	-0.24712	9.48546
139	2.85240	-0.25444	9.79398
140	2.85240	-0.23523	8.98778
141	2.85240	-0.25902	9.98770
142	2.85240	-0.24255	9.29350
143	2.85240	-0.25810	9.94890
144	2.85240	-0.26176	10.10426
145	2.85240	-0.24072	9.21691
146	2.85240	-0.26085	10.06538
147	2.85240	-0.25170	9.67808
148	2.85240	-0.24895	9.56243
149	2.85240	-0.24438	9.37020
150	2.85240	-0.26176	10.10426
151	2.85240	0.23515	7.61603
152	2.85240	-0.24987	9.60095
153	2.85240	-0.25536	9.83267
154	2.85240	-0.25261	9.71669
155	2.85240	-0.24712	9.48546
156	2.85240	-0.25261	9.71669
157	2.85240	-0.25353	9.75532
158	2.85240	-0.25170	9.67808
159	2.85240	-0.24163	9.25520
160	2.85240	-0.24255	9.29350
161	2.85240	-0.23980	9.17866
162	2.85240	-0.25719	9.91013
163	2.85240	-0.24346	9.33184
164	2.85240	-0.25719	9.91013
165	2.85240	-0.23797	9.10223
166	2.85240	-0.25353	9.75532
167	2.85240	-0.24804	9.52393
168	2.85240	-0.24438	9.37020
169	2.85240	-0.25627	9.87139
170	2.85240	-0.25078	9.63950
171	2.85240	-0.25536	9.83267
172	2.85240	-0.25902	9.98770
173	2.85240	-0.24621	9.44701
174	2.85240	-0.24804	9.52393
175	2.85240	-0.25078	9.63950
176	2.85240	-0.24529	9.40859
177	2.85240	-0.24072	9.21691
178	2.85240	-0.25078	9.63950
179	2.85240	-0.23889	9.14043
180	2.85240	0.23881	7.72542
181	2.85240	-0.25170	9.67808
182	2.85240	-0.24529	9.40859
183	2.85240	-0.25719	9.91013
184	2.85240	-0.24987	9.60095
185	2.85240	-0.25719	9.91013
186	2.85240	-0.23797	9.10223
187	2.85240	-0.25170	9.67808
188	2.85240	-0.23706	9.06405
189	2.85240	-0.23523	8.98778
190	2.85240	-0.24987	9.60095
191	2.85240	-0.24621	9.44701
192	2.85240	-0.25170	9.67808
193	2.85240	-0.25353	9.75532
194	2.85240	-0.25627	9.87139
195	2.85240	-0.24072	9.21691
196	2.85240	-0.24621	9.44701
197	2.85240	-0.24346	9.33184
198	2.85240	-0.25902	9.98770
199	2.85240	-0.25536	9.83267
200	2.85240	-0.25078	9.63950
201	2.85240	-0.24712	9.48546
202	2.85240	-0.25353	9.75532
203	2.85240	-0.25261	9.71669
204	2.85240	-0.24529	9.40859
205	2.85240	-0.24163	9.25520
206	2.85240	-0.24621	9.44701
207	2.85240	-0.24438	9.37020
208	2.85240	-0.23889	9.14043
209	2.85240	0.19122	6.28273
210	2.85240	-0.26451	10.22106
211	2.85240	-0.24346	9.33184
212	2.85240	-0.24621	9.44701
213	2.85240	-0.25353	9.75532
214	2.85240	-0.23889	9.14043
215	2.85240	-0.25627	9.87139
216	2.85240	-0.24072	9.21691
217	2.85240	-0.25902	9.98770
218	2.85240	-0.25444	9.79398
219	2.85240	-0.25810	9.94890
220	2.85240	-0.25627	9.87139
221	2.85240	-0.25444	9.79398
222	2.85240	-0.25810	9.94890
223	2.85240	-0.25719	9.91013
224	2.85240	0.22966	7.45144
225	2.85240	-0.24072	9.21691
226	2.85240	-0.25353	9.75532
227	2.85240	-0.24987	9.60095
228	2.85240	-0.24529	9.40859
229	2.85240	-0.26268	10.14316
230	2.85240	-0.25170	9.67808
231	2.85240	-0.25078	9.63950
232	2.85240	-0.24712	9.48546
233	2.85240	-0.24987	9.60095
234	2.85240	-0.26085	10.06538
235	2.85240	-0.24712	9.48546
236	2.85240	-0.26268	10.14316
237	2.85240	-0.25078	9.63950
238	2.85240	-0.25444	9.79398
239	2.85240	-0.23248	8.87357
240	2.85240	-0.24895	9.56243
241	2.85240	-0.25902	9.98770
242	2.85240	-0.26359	10.18210
243	2.85240	-0.25627	9.87139
244	2.85240	-0.24895	9.56243
245	2.85240	-0.25353	9.75532
246	2.85240	-0.24255	9.29350
247	2.85240	-0.24621	9.44701
248	2.85240	-0.25353	9.75532
249	2.85240	-0.23431	8.94968
250	2.85240	-0.23980	9.17866
251	2.85240	-0.23980	9.17866
252	2.85240	-0.24712	9.48546
253	2.85240	0.23789	7.69810
254	2.85240	-0.25078	9.63950
255	2.85240	-0.25719	9.91013
256	2.85240	-0.24529	9.40859
257	2.85240	-0.25170	9.67808
258	2.85240	-0.22699	8.64588
259	2.85240	-0.24163	9.25520
260	2.85240	-0.24163	9.25520
261	2.85240	-0.25627	9.87139
262	2.85240	-0.25719	9.91013
263	2.85240	-0.24987	9.60095
264	2.85240	-0.25261	9.71669
265	2.85240	-0.24163	9.25520
266	2.85240	-0.24712	9.48546
267	2.85240	-0.23065	8.79757
268	2.85240	-0.24621	9.44701
269	2.85240	-0.25902	9.98770
270	2.85240	-0.24438	9.37020
271	2.85240	-0.25536	9.83267
272	2.85240	-0.23980	9.17866
273	2.85240	-0.23980	9.17866
274	2.85240	-0.24895	9.56243
275	2.85240	-0.24712	9.48546
276	2.85240	-0.24712	9.48546
277	2.85240	-0.25993	10.02652
278	2.85240	-0.26359	10.18210
279	2.85240	-0.24987	9.60095
280	2.85240	-0.24438	9.37020
281	2.85240	-0.25627	9.87139
282	2.85240	0.23972	7.75273
283	2.85240	-0.23889	9.14043
284	2.85240	-0.25353	9.75532
285	2.85240	-0.24621	9.44701
286	2.85240	-0.25444	9.79398
287	2.85240	-0.23340	8.91161
288	2.85240	-0.25078	9.63950
289	2.85240	-0.26268	10.14316
290	2.85240	-0.25993	10.02652
291	2.85240	-0.24621	9.44701
292	2.85240	-0.24072	9.21691
293	2.85240	-0.25353	9.75532
294	2.85240	-0.24255	9.29350
295	2.85240	-0.24895	9.56243
296	2.85240	-0.25993	10.02652
297	2.85240	-0.25170	9.67808
298	2.85240	-0.23980	9.17866
299	2.85240	-0.25993	10.02652
300	2.85240	-0.25536	9.83267
301	2.85240	-0.25627	9.87139
302	2.85240	-0.25078	9.63950
303	2.85240	-0.24621	9.44701
304	2.85240	-0.24987	9.60095
305	2.85240	-0.25078	9.63950
306	2.85240	-0.25261	9.71669
307	2.85240	-0.25536	9.83267
308	2.85240	-0.25810	9.94890
309	2.85240	-0.24712	9.48546
310	2.85240	-0.26634	10.29907
311	2.85240	0.22783	7.39645
312	2.85240	-0.24621	9.44701
313	2.85240	-0.24804	9.52393
314	2.85240	-0.24895	9.56243
315	2.85240	-0.24438	9.37020
316	2.85240	-0.24987	9.60095
317	2.85240	-0.26909	10.41629
318	2.85240	-0.25902	9.98770
319	2.85240	-0.25261	9.71669
320	2.85240	-0.24072	9.21691
321	2.85240	-0.25810	9.94890
322	2.85240	-0.25719	9.91013
323	2.85240	-0.25353	9.75532
324	2.85240	-0.25902	9.98770
325	2.85240	-0.24895	9.56243
326	2.85240	-0.25719	9.91013
327	2.85240	-0.25719	9.91013
328	2.85240	-0.24712	9.48546
329	2.85240	-0.26085	10.06538
330	2.85240	-0.24804	9.52393
331	2.85240	-0.25627	9.87139
332	2.85240	-0.25536	9.83267
333	2.85240	-0.25810	9.94890
334	2.85240	-0.25078	9.63950
335	2.85240	-0.25078	9.63950
336	2.85240	-0.24163	9.25520
337	2.85240	-0.25078	9.63950
338	2.85240	-0.24346	9.33184
339	2.85240	-0.24438	9.37020
340	2.85240	0.23972	7.75273
341	2.85240	-0.25353	9.75532
342	2.85240	-0.25078	9.63950
343	2.85240	-0.24804	9.52393
344	2.85240	-0.24621	9.44701
345	2.85240	-0.24346	9.33184
346	2.85240	-0.25353	9.75532
347	2.85240	-0.25261	9.71669
348	2.85240	-0.25170	9.67808
349	2.85240	-0.25078	9.63950
350	2.85240	-0.25261	9.71669
351	2.85240	-0.23523	8.98778
352	2.85240	-0.25536	9.83267
353	2.85240	-0.23523	8.98778
354	2.85240	-0.24529	9.40859
355	2.85240	-0.25810	9.94890
356	2.85240	-0.25536	9.83267
357	2.85240	-0.23340	8.91161
358	2.85240	-0.25444	9.79398
359	2.85240	-0.24987	9.60095
360	2.85240	-0.24529	9.40859
361	2.85240	-0.24804	9.52393
362	2.85240	-0.24346	9.33184
363	2.85240	-0.24621	9.44701
364	2.85240	-0.24529	9.40859
365	2.85240	-0.24895	9.56243
366	2.85240	-0.25993	10.02652
367	2.85240	-0.25353	9.75532
368	2.85240	-0.24987	9.60095
369	2.85240	0.22966	7.45144
370	2.85240	-0.24529	9.40859
371	2.85240	-0.25078	9.63950
372	2.85240	-0.25719	9.91013
373	2.85240	-0.25078	9.63950
374	2.85240	-0.25078	9.63950
375	2.85240	-0.24346	9.33184
376	2.85240	-0.25444	9.79398
377	2.85240	-0.24438	9.37020
378	2.85240	-0.24712	9.48546
379	2.85240	-0.25627	9.87139
380	2.85240	-0.24255	9.29350
381	2.85240	-0.24987	9.60095
382	2.85240	-0.24163	9.25520
383	2.85240	-0.25902	9.98770
384	2.85240	-0.12358	4.52872
385	2.85240	-0.26542	10.26005
386	2.85240	-0.24804	9.52393
387	2.85240	-0.24438	9.37020
388	2.85240	-0.25078	9.63950
389	2.85240	-0.24621	9.44701
390	2.85240	-0.24438	9.37020
391	2.85240	-0.24712	9.48546
392	2.85240	-0.25444	9.79398
393	2.85240	-0.24438	9.37020
394	2.85240	-0.25170	9.67808
395	2.85240	-0.25353	9.75532
396	2.85240	-0.24987	9.60095
397	2.85240	-0.24621	9.44701
398	2.85240	-0.25810	9.94890
399	2.85240	-0.24895	9.56243
400	2.85240	-0.25536	9.83267
401	2.85240	-0.25078	9.63950
402	2.85240	-0.25536	9.83267
403	2.85240	-0.24804	9.52393
404	2.85240	-0.25902	9.98770
405	2.85240	-0.26085	10.06538
406	2.85240	-0.26085	10.06538
407	2.85240	-0.23797	9.10223
408	2.85240	-0.24804	9.52393
409	2.85240	-0.24163	9.25520
410	2.85240	-0.24987	9.60095
411	2.85240	-0.24072	9.21691
412	2.85240	-0.25627	9.87139
413	2.85240	0.21685	7.06512
414	2.85240	-0.25719	9.91013
415	2.85240	-0.24895	9.56243
416	2.85240	-0.24895	9.56243
417	2.85240	-0.25810	9.94890
418	2.85240	-0.24895	9.56243
419	2.85240	-0.25170	9.67808
420	2.85240	-0.24895	9.56243
421	2.85240	-0.25810	9.94890
422	2.85240	-0.24621	9.44701
423	2.85240	-0.25719	9.91013
424	2.85240	-0.24895	9.56243
425	2.85240	-0.24621	9.44701
426	2.85240	-0.25170	9.67808
427	2.85240	-0.24438	9.37020
428	2.85240	-0.25444	9.79398
429	2.85240	-0.25902	9.98770
430	2.85240	-0.25078	9.63950
431	2.85240	-0.24438	9.37020
432	2.85240	-0.24712	9.48546
433	2.85240	-0.26909	10.41629
434	2.85240	-0.24529	9.40859
435	2.85240	-0.24072	9.21691
436	2.85240	-0.25353	9.75532
437	2.85240	-0.25353	9.75532
438	2.85240	-0.25627	9.87139
439	2.85240	-0.25353	9.75532
440	2.85240	-0.26176	10.10426
441	2.85240	-0.25170	9.67808
442	2.85240	-0.25261	9.71669
443	2.85240	-0.24804	9.52393
444	2.85240	-0.26085	10.06538
445	2.85240	-0.24804	9.52393
446	2.85240	-0.26176	10.10426
447	2.85240	-0.24895	9.56243
448	2.85240	-0.24255	9.29350
449	2.85240	-0.25353	9.75532
450	2.85240	-0.25261	9.71669
451	2.85240	-0.26176	10.10426
452	2.85240	-0.25810	9.94890
453	2.85240	-0.26451	10.22106
454	2.85240	-0.25810	9.94890
455	2.85240	-0.26909	10.41629
456	2.85240	0.23149	7.50637
457	2.85240	-0.24529	9.40859
458	2.85240	-0.25170	9.67808
459	2.85240	-0.25261	9.71669
460	2.85240	-0.25261	9.71669
461	2.85240	-0.26176	10.10426
462	2.85240	-0.24987	9.60095
463	2.85240	-0.25536	9.83267
464	2.85240	-0.24895	9.56243
465	2.85240	-0.24346	9.33184
466	2.85240	-0.25536	9.83267
467	2.85240	-0.25627	9.87139
468	2.85240	-0.24438	9.37020
469	2.85240	-0.24804	9.52393
470	2.85240	-0.25719	9.91013
471	2.85240	-0.06227	2.23169
472	2.85240	-0.26268	10.14316
473	2.85240	-0.24163	9.25520
474	2.85240	-0.26176	10.10426
475	2.85240	-0.25902	9.98770
476	2.85240	-0.25902	9.98770
477	2.85240	-0.27183	10.53375
478	2.85240	-0.25719	9.91013
479	2.85240	-0.23889	9.14043
480	2.85240	-0.24438	9.37020
481	2.85240	-0.25170	9.67808
482	2.85240	-0.25444	9.79398
483	2.85240	-0.25078	9.63950
484	2.85240	-0.26268	10.14316
485	2.85240	-0.25078	9.63950
486	2.85240	-0.25627	9.87139
487	2.85240	-0.25902	9.98770
488	2.85240	-0.24529	9.40859
489	2.85240	-0.25261	9.71669
490	2.85240	-0.24987	9.60095
491	2.85240	-0.27183	10.53375
492	2.85240	-0.24712	9.48546
493	2.85240	-0.25536	9.83267
494	2.85240	-0.26268	10.14316
495	2.85240	-0.26725	10.33811
496	2.85240	-0.25261	9.71669
497	2.85240	-0.25353	9.75532
498	2.85240	-0.25536	9.83267
499	2.85240	-0.25719	9.91013
500	2.85240	0.21685	7.06512
501	2.85240	-0.24621	9.44701
502	2.85240	-0.24346	9.33184
503	2.85240	-0.25719	9.91013
504	2.85240	-0.24621	9.44701
505	2.85240	-0.24163	9.25520
506	2.85240	-0.24529	9.40859
507	2.85240	-0.27183	10.53375
508	2.85240	-0.25353	9.75532
509	2.85240	-0.24346	9.33184
510	2.85240	-0.25536	9.83267
511	2.85240	-0.24804	9.52393
512	2.85240	-0.25261	9.71669
513	2.85240	-0.24529	9.40859
514	2.85240	-0.26359	10.18210
515	2.85240	-0.24621	9.44701
516	2.85240	-0.23889	9.14043
517	2.85240	-0.27000	10.45542
518	2.85240	-0.25353	9.75532
519	2.85240	-0.26176	10.10426
520	2.85240	-0.25261	9.71669
521	2.85240	-0.25536	9.83267
522	2.85240	-0.24804	9.52393
523	2.85240	-0.24255	9.29350
524	2.85240	-0.24346	9.33184
525	2.85240	-0.25719	9.91013
526	2.85240	-0.25261	9.71669
527	2.85240	-0.25536	9.83267
528	2.85240	-0.25902	9.98770
529	2.85240	0.22783	7.39645
530	2.85240	-0.25261	9.71669
531	2.85240	-0.23797	9.10223
532	2.85240	-0.23706	9.06405
533	2.85240	-0.24621	9.44701
534	2.85240	-0.25536	9.83267
535	2.85240	-0.25536	9.83267
536	2.85240	-0.24804	9.52393
537	2.85240	-0.25810	9.94890
538	2.85240	-0.26542	10.26005
539	2.85240	-0.24712	9.48546
540	2.85240	-0.23706	9.06405
541	2.85240	-0.24529	9.40859
542	2.85240	-0.23340	8.91161
543	2.85240	-0.24163	9.25520
544	2.85240	-0.24987	9.60095
545	2.85240	-0.25170	9.67808
546	2.85240	-0.25993	10.02652
547	2.85240	-0.25719	9.91013
548	2.85240	-0.25170	9.67808
549	2.85240	-0.26176	10.10426
550	2.85240	-0.26909	10.41629
551	2.85240	-0.23797	9.10223
552	2.85240	-0.23614	9.02590
553	2.85240	-0.24621	9.44701
554	2.85240	-0.26542	10.26005
555	2.85240	-0.24804	9.52393
556	2.85240	-0.25993	10.02652
557	2.85240	-0.24987	9.60095
558	2.85240	0.19763	6.47956
559	2.85240	-0.25078	9.63950
560	2.85240	-0.24072	9.21691
561	2.85240	-0.25444	9.79398
562	2.85240	-0.23797	9.10223
563	2.85240	-0.25078	9.63950
564	2.85240	-0.26359	10.18210
565	2.85240	-0.24346	9.33184
566	2.85240	-0.25536	9.83267
567	2.85240	-0.24712	9.48546
568	2.85240	-0.25719	9.91013
569	2.85240	-0.25353	9.75532
570	2.85240	-0.24712	9.48546
571	2.85240	-0.25536	9.83267
572	2.85240	-0.26817	10.37719
573	2.85240	-0.23157	8.83556
574	2.85240	-0.24255	9.29350
575	2.85240	-0.25170	9.67808
576	2.85240	-0.24529	9.40859
577	2.85240	-0.24255	9.29350
578	2.85240	-0.22424	8.53238
579	2.85240	-0.25170	9.67808
580	2.85240	-0.23980	9.17866
581	2.85240	-0.24712	9.48546
582	2.85240	-0.25627	9.87139
583	2.85240	-0.23431	8.94968
584	2.85240	-0.26451	10.22106
585	2.85240	-0.25444	9.79398
586	2.85240	-0.25444	9.79398
587	2.85240	0.21868	7.12051
588	2.85240	-0.25353	9.75532
589	2.85240	-0.24072	9.21691
590	2.85240	-0.24987	9.60095
591	2.85240	-0.24712	9.48546
592	2.85240	-0.24529	9.40859
593	2.85240	-0.24895	9.56243
594	2.85240	-0.26451	10.22106
595	2.85240	-0.23797	9.10223
596	2.85240	-0.25170	9.67808
597	2.85240	-0.26176	10.10426
598	2.85240	-0.26268	10.14316
599	2.85240	-0.25810	9.94890
600	2.85240	-0.24163	9.25520
601	2.85240	-0.26176	10.10426
602	2.85240	-0.25627	9.87139
603	2.85240	-0.25902	9.98770
604	2.85240	-0.25719	9.91013
605	2.85240	-0.23980	9.17866
606	2.85240	-0.25810	9.94890
607	2.85240	-0.25170	9.67808
608	2.85240	-0.23980	9.17866
609	2.85240	-0.24438	9.37020
610	2.85240	-0.25536	9.83267
611	2.85240	-0.24255	9.29350
612	2.85240	-0.24987	9.60095
613	2.85240	-0.25170	9.67808
614	2.85240	-0.24529	9.40859
615	2.85240	-0.25078	9.63950
616	2.85240	0.23972	7.75273
617	2.85240	-0.25536	9.83267
618	2.85240	-0.24804	9.52393
619	2.85240	-0.24621	9.44701
620	2.85240	-0.24621	9.44701
621	2.85240	-0.25353	9.75532
622	2.85240	-0.24621	9.44701
623	2.85240	-0.24072	9.21691
624	2.85240	-0.24346	9.33184
625	2.85240	-0.24712	9.48546
626	2.85240	-0.25078	9.63950
627	2.85240	-0.24987	9.60095
628	2.85240	-0.25627	9.87139
629	2.85240	-0.24987	9.60095
630	2.85240	-0.24621	9.44701
631	2.85240	-0.23065	8.79757
632	2.85240	-0.26176	10.10426
633	2.85240	-0.25536	9.83267
634	2.85240	-0.26359	10.18210
635	2.85240	-0.25444	9.79398
636	2.85240	-0.25353	9.75532
637	2.85240	-0.24438	9.37020
638	2.85240	-0.24987	9.60095
639	2.85240	-0.25902	9.98770
640	2.85240	-0.23706	9.06405
641	2.85240	-0.24712	9.48546
642	2.85240	-0.25444	9.79398
643	2.85240	-0.24804	9.52393
644	2.85240	-0.24072	9.21691
645	2.85240	0.21685	7.06512
646	2.85240	-0.25444	9.79398
647	2.85240	-0.25719	9.91013
648	2.85240	-0.26176	10.10426
649	2.85240	-0.24621	9.44701
650	2.85240	-0.25810	9.94890
651	2.85240	-0.25444	9.79398
652	2.85240	-0.25536	9.83267
653	2.85240	-0.24072	9.21691
654	2.85240	-0.24529	9.40859
655	2.85240	-0.25719	9.91013
656	2.85240	-0.25170	9.67808
657	2.85240	-0.24346	9.33184
658	2.85240	-0.24804	9.52393
659	2.85240	-0.25444	9.79398
660	2.85240	0.22325	7.25868
661	2.85240	-0.26268	10.14316
662	2.85240	-0.25261	9.71669
663	2.85240	-0.24712	9.48546
664	2.85240	-0.23889	9.14043
665	2.85240	-0.24987	9.60095
666	2.85240	-0.24712	9.48546
667	2.85240	-0.24621	9.44701
668	2.85240	-0.24072	9.21691
669	2.85240	-0.25170	9.67808
670	2.85240	-0.24712	9.48546
671	2.85240	-0.24529	9.40859
672	2.85240	-0.24163	9.25520
673	2.85240	-0.24163	9.25520
674	2.85240	-0.24987	9.60095
675	2.85240	-0.23431	8.94968
676	2.85240	-0.24255	9.29350
677	2.85240	-0.24987	9.60095
678	2.85240	-0.24621	9.44701
679	2.85240	-0.24804	9.52393
680	2.85240	-0.25261	9.71669
681	2.85240	-0.25353	9.75532
682	2.85240	-0.24621	9.44701
683	2.85240	-0.24072	9.21691
684	2.85240	-0.25261	9.71669
685	2.85240	-0.26268	10.14316
686	2.85240	-0.24804	9.52393
687	2.85240	-0.24529	9.40859
688	2.85240	-0.25444	9.79398
689	2.85240	0.21868	7.12051
690	2.85240	-0.25719	9.91013
691	2.85240	-0.25719	9.91013
692	2.85240	-0.25170	9.67808
693	2.85240	-0.25993	10.02652
694	2.85240	-0.25078	9.63950
695	2.85240	-0.24895	9.56243
696	2.85240	-0.24804	9.52393
697	2.85240	-0.24895	9.56243
698	2.85240	-0.24895	9.56243
699	2.85240	-0.25993	10.02652
700	2.85240	-0.25902	9.98770
701	2.85240	-0.23980	9.17866
702	2.85240	-0.25627	9.87139
703	2.85240	-0.24621	9.44701
704	2.85240	-0.25810	9.94890
705	2.85240	-0.23523	8.98778
706	2.85240	-0.23797	9.10223
707	2.85240	-0.25536	9.83267
708	2.85240	-0.25536	9.83267
709	2.85240	-0.25261	9.71669
710	2.85240	-0.25078	9.63950
711	2.85240	-0.24529	9.40859
712	2.85240	-0.24621	9.44701
713	2.85240	-0.24804	9.52393
714	2.85240	-0.23797	9.10223
715	2.85240	-0.25078	9.63950
716	2.85240	-0.24987	9.60095
717	2.85240	-0.26085	10.06538
718	2.85240	0.22417	7.28627
719	2.85240	-0.25170	9.67808
720	2.85240	-0.26176	10.10426
721	2.85240	-0.24438	9.37020
722	2.85240	-0.25078	9.63950
723	2.85240	-0.24712	9.48546
724	2.85240	-0.24987	9.60095
725	2.85240	-0.24804	9.52393
726	2.85240	-0.25810	9.94890
727	2.85240	-0.24438	9.37020
728	2.85240	-0.25261	9.71669
729	2.85240	-0.25627	9.87139
730	2.85240	-0.24712	9.48546
731	2.85240	-0.26176	10.10426
732	2.85240	-0.25444	9.79398
733	2.85240	-0.24529	9.40859
734	2.85240	-0.24895	9.56243
735	2.85240	-0.23706	9.06405
736	2.85240	-0.24895	9.56243
737	2.85240	-0.24529	9.40859
738	2.85240	-0.25170	9.67808
739	2.85240	-0.25170	9.67808
740	2.85240	-0.24072	9.21691
741	2.85240	-0.24438	9.37020
742	2.85240	-0.26451	10.22106
743	2.85240	-0.25627	9.87139
744	2.85240	-0.24712	9.48546
745	2.85240	-0.25627	9.87139
746	2.85240	-0.25444	9.79398
747	2.85240	0.22234	7.23108
748	2.85240	-0.25719	9.91013
749	2.85240	-0.25719	9.91013
750	2.85240	-0.24529	9.40859
751	2.85240	-0.25719	9.91013
752	2.85240	-0.23431	8.94968
753	2.85240	-0.25444	9.79398
754	2.85240	-0.25261	9.71669
755	2.85240	-0.25810	9.94890
756	2.85240	-0.23980	9.17866
757	2.85240	-0.24529	9.40859
758	2.85240	-0.25993	10.02652
759	2.85240	-0.25353	9.75532
760	2.85240	-0.24621	9.44701
761	2.85240	-0.25536	9.83267
762	2.85240	-0.25719	9.91013
763	2.85240	-0.25719	9.91013
764	2.85240	-0.23248	8.87357
765	2.85240	-0.25261	9.71669
766	2.85240	-0.24895	9.56243
767	2.85240	-0.25627	9.87139
768	2.85240	-0.26085	10.06538
769	2.85240	-0.24529	9.40859
770	2.85240	-0.24621	9.44701
771	2.85240	-0.24072	9.21691
772	2.85240	-0.25170	9.67808
773	2.85240	-0.25078	9.63950
774	2.85240	-0.25170	9.67808
775	2.85240	-0.24163	9.25520
776	2.85240	0.21685	7.06512
777	2.85240	-0.23980	9.17866
778	2.85240	-0.24987	9.60095
779	2.85240	-0.25444	9.79398
780	2.85240	-0.24895	9.56243
781	2.85240	-0.24529	9.40859
782	2.85240	-0.24346	9.33184
783	2.85240	-0.24987	9.60095
784	2.85240	-0.25810	9.94890
785	2.85240	-0.24895	9.56243
786	2.85240	-0.25993	10.02652
787	2.85240	-0.24346	9.33184
788	2.85240	-0.24529	9.40859
789	2.85240	-0.23614	9.02590
790	2.85240	-0.25719	9.91013
791	2.85240	-0.24346	9.33184
792	2.85240	-0.24804	9.52393
793	2.85240	-0.24712	9.48546
794	2.85240	-0.24072	9.21691
795	2.85240	-0.23889	9.14043
796	2.85240	-0.25078	9.63950
797	2.85240	-0.23797	9.10223
798	2.85240	-0.24804	9.52393
799	2.85240	-0.26268	10.14316
800	2.85240	-0.25627	9.87139
801	2.85240	-0.25719	9.91013
802	2.85240	-0.25719	9.91013
803	2.85240	-0.25261	9.71669
804	2.85240	-0.24712	9.48546
805	2.85240	0.22600	7.34139
806	2.85240	-0.25810	9.94890
807	2.85240	-0.24346	9.33184
808	2.85240	-0.24072	9.21691
809	2.85240	-0.25170	9.67808
810	2.85240	-0.24346	9.33184
811	2.85240	-0.25444	9.79398
812	2.85240	-0.24987	9.60095
813	2.85240	-0.25719	9.91013
814	2.85240	-0.24712	9.48546
815	2.85240	-0.26542	10.26005
816	2.85240	-0.25536	9.83267
817	2.85240	-0.23523	8.98778
818	2.85240	-0.25536	9.83267
819	2.85240	-0.24895	9.56243
820	2.85240	-0.15469	5.73431
821	2.85240	-0.25444	9.79398
822	2.85240	-0.25719	9.91013
823	2.85240	-0.23980	9.17866
824	2.85240	-0.25627	9.87139
825	2.85240	-0.23523	8.98778
826	2.85240	-0.26909	10.41629
827	2.85240	-0.24529	9.40859
828	2.85240	-0.25261	9.71669
829	2.85240	-0.24438	9.37020
830	2.85240	-0.25261	9.71669
831	2.85240	-0.25810	9.94890
832	2.85240	-0.24255	9.29350
833	2.85240	-0.25719	9.91013
834	2.85240	-0.21418	8.11827
835	2.85240	-0.24987	9.60095
836	2.85240	-0.25078	9.63950
837	2.85240	-0.25627	9.87139
838	2.85240	-0.24987	9.60095
839	2.85240	-0.24712	9.48546
840	2.85240	-0.24712	9.48546
841	2.85240	-0.24712	9.48546
842	2.85240	-0.24438	9.37020
843	2.85240	-0.24255	9.29350
844	2.85240	-0.25444	9.79398
845	2.85240	-0.24529	9.40859
846	2.85240	-0.24072	9.21691
847	2.85240	-0.24712	9.48546
848	2.85240	-0.24346	9.33184
849	2.85240	0.21959	7.14818
850	2.85240	-0.24895	9.56243
851	2.85240	-0.24438	9.37020
852	2.85240	-0.26176	10.10426
853	2.85240	-0.25353	9.75532
854	2.85240	-0.25444	9.79398
855	2.85240	-0.25719	9.91013
856	2.85240	-0.24804	9.52393
857	2.85240	-0.26359	10.18210
858	2.85240	-0.25444	9.79398
859	2.85240	-0.24987	9.60095
860	2.85240	-0.25261	9.71669
861	2.85240	-0.24804	9.52393
862	2.85240	-0.25810	9.94890
863	2.85240	-0.23706	9.06405
864	2.85240	-0.23980	9.17866
865	2.85240	-0.24346	9.33184
866	2.85240	-0.25902	9.98770
867	2.85240	-0.26359	10.18210
868	2.85240	-0.24438	9.37020
869	2.85240	-0.25902	9.98770
870	2.85240	-0.25444	9.79398
871	2.85240	-0.25444	9.79398
872	2.85240	-0.25078	9.63950
873	2.85240	-0.26176	10.10426
874	2.85240	-0.24895	9.56243
875	2.85240	-0.23248	8.87357
876	2.85240	-0.25810	9.94890
877	2.85240	-0.25627	9.87139
878	2.85240	-0.25627	9.87139
879	2.85240	-0.25993	10.02652
880	2.85240	-0.25627	9.87139
881	2.85240	-0.26176	10.10426
882	2.85240	-0.24712	9.48546
883	2.85240	-0.24895	9.56243
884	2.85240	-0.25353	9.75532
885	2.85240	-0.24895	9.56243
886	2.85240	-0.24987	9.60095
887	2.85240	-0.25078	9.63950
888	2.85240	-0.26268	10.14316
889	2.85240	-0.25170	9.67808
890	2.85240	-0.25719	9.91013
891	2.85240	-0.25536	9.83267
892	2.85240	0.22874	7.42395
893	2.85240	-0.24804	9.52393
894	2.85240	-0.25993	10.02652
895	2.85240	-0.25444	9.79398
896	2.85240	-0.25078	9.63950
897	2.85240	-0.26451	10.22106
898	2.85240	-0.25261	9.71669
899	2.85240	-0.25170	9.67808
900	2.85240	-0.24804	9.52393
901	2.85240	-0.25810	9.94890
902	2.85240	-0.25261	9.71669
903	2.85240	-0.25627	9.87139
904	2.85240	-0.24072	9.21691
905	2.85240	-0.25902	9.98770
906	2.85240	-0.24529	9.40859
907	2.85240	-0.11717	4.28391
908	2.85240	-0.24895	9.56243
909	2.85240	-0.23065	8.79757
910	2.85240	-0.25627	9.87139
911	2.85240	-0.23523	8.98778
912	2.85240	-0.25719	9.91013
913	2.85240	-0.25261	9.71669
914	2.85240	-0.25536	9.83267
915	2.85240	-0.24895	9.56243
916	2.85240	-0.23980	9.17866
917	2.85240	-0.25170	9.67808
918	2.85240	-0.24712	9.48546
919	2.85240	-0.25078	9.63950
920	2.85240	-0.25170	9.67808
921	2.85240	-0.24163	9.25520
922	2.85240	-0.25810	9.94890
923	2.85240	-0.25261	9.71669
924	2.85240	-0.25810	9.94890
925	2.85240	-0.25902	9.98770
926	2.85240	-0.24987	9.60095
927	2.85240	-0.24438	9.37020
928	2.85240	-0.25902	9.98770
929	2.85240	-0.25261	9.71669
930	2.85240	-0.24621	9.44701
931	2.85240	-0.25993	10.02652
932	2.85240	-0.26359	10.18210
933	2.85240	-0.24529	9.40859
934	2.85240	-0.26085	10.06538
935	2.85240	-0.24895	9.56243
936	2.85240	0.21959	7.14818
937	2.85240	-0.25170	9.67808
938	2.85240	-0.24712	9.48546
939	2.85240	-0.26268	10.14316
940	2.85240	-0.25902	9.98770
941	2.85240	-0.25078	9.63950
942	2.85240	-0.25078	9.63950
943	2.85240	-0.25536	9.83267
944	2.85240	-0.24621	9.44701
945	2.85240	-0.25902	9.98770
946	2.85240	-0.25627	9.87139
947	2.85240	-0.25353	9.75532
948	2.85240	-0.25993	10.02652
949	2.85240	-0.25170	9.67808
950	2.85240	-0.25078	9.63950
951	2.85240	-0.24255	9.29350
952	2.85240	-0.24712	9.48546
953	2.85240	-0.24712	9.48546
954	2.85240	-0.26268	10.14316
955	2.85240	-0.24255	9.29350
956	2.85240	-0.24987	9.60095
957	2.85240	-0.24987	9.60095
958	2.85240	-0.25627	9.87139
959	2.85240	-0.25078	9.63950
960	2.85240	-0.24529	9.40859
961	2.85240	-0.24987	9.60095
962	2.85240	-0.24163	9.25520
963	2.85240	-0.25170	9.67808
964	2.85240	-0.25444	9.79398
965	2.85240	0.23240	7.53381
966	2.85240	-0.24804	9.52393
967	2.85240	-0.24438	9.37020
968	2.85240	-0.23980	9.17866
969	2.85240	-0.25353	9.75532
970	2.85240	-0.24529	9.40859
971	2.85240	-0.25993	10.02652
972	2.85240	-0.24529	9.40859
973	2.85240	-0.25353	9.75532
974	2.85240	-0.24529	9.40859
975	2.85240	-0.24529	9.40859
976	2.85240	-0.25993	10.02652
977	2.85240	-0.24163	9.25520
978	2.85240	-0.24438	9.37020
979	2.85240	-0.25902	9.98770
980	2.85240	-0.24804	9.52393
981	2.85240	-0.24804	9.52393
982	2.85240	-0.23706	9.06405
983	2.85240	-0.24621	9.44701
984	2.85240	-0.24895	9.56243
985	2.85240	-0.23980	9.17866
986	2.85240	-0.25444	9.79398
987	2.85240	-0.25353	9.75532
988	2.85240	-0.25261	9.71669
989	2.85240	-0.24072	9.21691
990	2.85240	-0.24712	9.48546
991	2.85240	-0.24438	9.37020
992	2.85240	-0.25444	9.79398
993	2.85240	-0.25170	9.67808
994	2.85240	0.22508	7.31384
995	2.85240	-0.25536	9.83267
996	2.85240	-0.24804	9.52393
997	2.85240	-0.24804	9.52393
998	2.85240	-0.25170	9.67808
999	2.85240	-0.25170	9.67808
1000	2.85240	-0.24529	9.40859
1001	2.85240	-0.24072	9.21691
1002	2.85240	-0.24804	9.52393
1003	2.85240	-0.25536	9.83267
1004	2.85240	-0.25353	9.75532
1005	2.85240	-0.25444	9.79398
1006	2.85240	-0.25444	9.79398
1007	2.85240	-0.25261	9.71669
1008	2.85240	-0.25810	9.94890
1009	2.85240	-0.23980	9.17866
1010	2.85240	-0.24987	9.60095
1011	2.85240	-0.24529	9.40859
1012	2.85240	-0.25810	9.94890
1013	2.85240	-0.25536	9.83267
1014	2.85240	-0.25353	9.75532
1015	2.85240	-0.26268	10.14316
1016	2.85240	-0.24712	9.48546
1017	2.85240	-0.25719	9.91013
1018	2.85240	-0.24072	9.21691
1019	2.85240	-0.25993	10.02652
1020	2.85240	-0.24438	9.37020
1021	2.85240	-0.24712	9.48546
1022	2.85240	-0.25719	9.91013
1023	2.85240	0.22234	7.23108
1024	2.85240	-0.24804	9.52393
1025	2.85240	-0.25719	9.91013
1026	2.85240	-0.23797	9.10223
1027	2.85240	-0.25353	9.75532
1028	2.85240	-0.23157	8.83556
1029	2.85240	-0.25719	9.91013
1030	2.85240	-0.25902	9.98770
1031	2.85240	-0.26542	10.26005
1032	2.85240	-0.25261	9.71669
1033	2.85240	-0.24072	9.21691
1034	2.85240	-0.26359	10.18210
1035	2.85240	-0.24346	9.33184
1036	2.85240	-0.24895	9.56243
1037	2.85240	-0.24712	9.48546
1038	2.85240	-0.25353	9.75532
1039	2.85240	-0.25536	9.83267
1040	2.85240	-0.24804	9.52393
1041	2.85240	-0.25810	9.94890
1042	2.85240	-0.25627	9.87139
1043	2.85240	-0.24712	9.48546
1044	2.85240	-0.25170	9.67808
1045	2.85240	-0.25261	9.71669
1046	2.85240	-0.25444	9.79398
1047	2.85240	-0.24163	9.25520
1048	2.85240	-0.24255	9.29350
1049	2.85240	-0.24895	9.56243
1050	2.85240	-0.24987	9.60095
1051	2.85240	-0.24438	9.37020
1052	2.85240	0.23057	7.47891
1053	2.85240	-0.24895	9.56243
1054	2.85240	-0.24621	9.44701
1055	2.85240	-0.25078	9.63950
1056	2.85240	-0.23797	9.10223
1057	2.85240	-0.25627	9.87139
1058	2.85240	-0.24895	9.56243
1059	2.85240	-0.24804	9.52393
1060	2.85240	-0.25170	9.67808
1061	2.85240	-0.25170	9.67808
1062	2.85240	-0.25993	10.02652
1063	2.85240	-0.24712	9.48546
1064	2.85240	-0.25078	9.63950
1065	2.85240	-0.25078	9.63950
1066	2.85240	-0.24804	9.52393
1067	2.85240	-0.24438	9.37020
1068	2.85240	-0.24987	9.60095
1069	2.85240	-0.24529	9.40859
1070	2.85240	-0.25261	9.71669
1071	2.85240	-0.25444	9.79398
1072	2.85240	-0.26085	10.06538
1073	2.85240	-0.25261	9.71669
1074	2.85240	-0.25810	9.94890
1075	2.85240	-0.25261	9.71669
1076	2.85240	-0.25444	9.79398
1077	2.85240	-0.25170	9.67808
1078	2.85240	-0.24346	9.33184
1079	2.85240	-0.24804	9.52393
1080	2.85240	-0.24438	9.37020
1081	2.85240	0.22051	7.17583
1082	2.85240	-0.24529	9.40859
1083	2.85240	-0.25353	9.75532
1084	2.85240	-0.24712	9.48546
1085	2.85240	-0.24987	9.60095
1086	2.85240	-0.25536	9.83267
1087	2.85240	-0.24712	9.48546
1088	2.85240	-0.24255	9.29350
1089	2.85240	-0.24712	9.48546
1090	2.85240	-0.25261	9.71669
1091	2.85240	-0.26359	10.18210
1092	2.85240	-0.25536	9.83267
1093	2.85240	-0.26359	10.18210
1094	2.85240	-0.23980	9.17866
1095	2.85240	-0.26725	10.33811
1096	2.85240	0.21135	6.89857
1097	2.85240	-0.25170	9.67808
1098	2.85240	-0.23065	8.79757
1099	2.85240	-0.24163	9.25520
1100	2.85240	-0.25170	9.67808
1101	2.85240	-0.24072	9.21691
1102	2.85240	-0.26085	10.06538
1103	2.85240	-0.25810	9.94890
1104	2.85240	-0.24621	9.44701
1105	2.85240	-0.24438	9.37020
1106	2.85240	-0.24987	9.60095
1107	2.85240	-0.25902	9.98770
1108	2.85240	-0.24072	9.21691
1109	2.85240	-0.26817	10.37719
1110	2.85240	-0.26268	10.14316
1111	2.85240	-0.25078	9.63950
1112	2.85240	-0.24255	9.29350
1113	2.85240	-0.25444	9.79398
1114	2.85240	-0.24895	9.56243
1115	2.85240	-0.24987	9.60095
1116	2.85240	-0.24163	9.25520
1117	2.85240	-0.25261	9.71669
1118	2.85240	-0.24346	9.33184
1119	2.85240	-0.24529	9.40859
1120	2.85240	-0.25902	9.98770
1121	2.85240	-0.25261	9.71669
1122	2.85240	-0.24712	9.48546
1123	2.85240	-0.24804	9.52393
1124	2.85240	-0.25627	9.87139
1125	2.85240	0.22325	7.25868
1126	2.85240	-0.25536	9.83267
1127	2.85240	-0.24895	9.56243
1128	2.85240	-0.26817	10.37719
1129	2.85240	-0.25261	9.71669
1130	2.85240	-0.26085	10.06538
1131	2.85240	-0.25078	9.63950
1132	2.85240	-0.25993	10.02652
1133	2.85240	-0.24621	9.44701
1134	2.85240	-0.24255	9.29350
1135	2.85240	-0.25170	9.67808
1136	2.85240	-0.24529	9.40859
1137	2.85240	-0.25902	9.98770
1138	2.85240	-0.24987	9.60095
1139	2.85240	-0.25902	9.98770
1140	2.85240	-0.24346	9.33184
1141	2.85240	-0.24895	9.56243
1142	2.85240	-0.25719	9.91013
1143	2.85240	-0.25993	10.02652
1144	2.85240	-0.25627	9.87139
1145	2.85240	-0.26085	10.06538
1146	2.85240	-0.25078	9.63950
1147	2.85240	-0.25170	9.67808
1148	2.85240	-0.24804	9.52393
1149	2.85240	-0.24072	9.21691
1150	2.85240	-0.24438	9.37020
1151	2.85240	-0.26451	10.22106
1152	2.85240	-0.24804	9.52393
1153	2.85240	-0.24255	9.29350
1154	2.85240	0.24979	8.05207
1155	2.85240	-0.24712	9.48546
1156	2.85240	-0.25261	9.71669
1157	2.85240	-0.24255	9.29350
1158	2.85240	-0.25993	10.02652
1159	2.85240	-0.26176	10.10426
1160	2.85240	-0.25627	9.87139
1161	2.85240	-0.25993	10.02652
1162	2.85240	-0.25078	9.63950
1163	2.85240	-0.23980	9.17866
1164	2.85240	-0.25261	9.71669
1165	2.85240	-0.25170	9.67808
1166	2.85240	-0.25261	9.71669
1167	2.85240	-0.24712	9.48546
1168	2.85240	-0.24987	9.60095
1169	2.85240	-0.24621	9.44701
1170	2.85240	-0.24895	9.56243
1171	2.85240	-0.24712	9.48546
1172	2.85240	-0.25627	9.87139
1173	2.85240	-0.25353	9.75532
1174	2.85240	-0.25078	9.63950
1175	2.85240	-0.23889	9.14043
1176	2.85240	-0.25993	10.02652
1177	2.85240	-0.24621	9.44701
1178	2.85240	-0.24529	9.40859
1179	2.85240	-0.25536	9.83267
1180	2.85240	-0.25444	9.79398
1181	2.85240	-0.26085	10.06538
1182	2.85240	-0.25719	9.91013
1183	2.85240	0.20952	6.84292
1184	2.85240	-0.25170	9.67808
1185	2.85240	-0.24712	9.48546
1186	2.85240	-0.25261	9.71669
1187	2.85240	-0.25536	9.83267
1188	2.85240	-0.25993	10.02652
1189	2.85240	-0.24529	9.40859
1190	2.85240	-0.24072	9.21691
1191	2.85240	-0.25536	9.83267
1192	2.85240	-0.23980	9.17866
1193	2.85240	-0.24529	9.40859
1194	2.85240	-0.25261	9.71669
1195	2.85240	-0.24346	9.33184
1196	2.85240	-0.24438	9.37020
1197	2.85240	-0.25078	9.63950
1198	2.85240	-0.25536	9.83267
1199	2.85240	-0.24804	9.52393
1200	2.85240	-0.26359	10.18210
1201	2.85240	-0.25078	9.63950
1202	2.85240	-0.25536	9.83267
1203	2.85240	-0.24895	9.56243
1204	2.85240	-0.27092	10.49457
1205	2.85240	-0.24621	9.44701
1206	2.85240	-0.24438	9.37020
1207	2.85240	-0.25078	9.63950
1208	2.85240	-0.24621	9.44701
1209	2.85240	-0.24163	9.25520
1210	2.85240	-0.24712	9.48546
1211	2.85240	-0.24438	9.37020
1212	2.85240	0.22142	7.20346
1213	2.85240	-0.25261	9.71669
1214	2.85240	-0.25902	9.98770
1215	2.85240	-0.26817	10.37719
1216	2.85240	-0.25627	9.87139
1217	2.85240	-0.24529	9.40859
1218	2.85240	-0.24712	9.48546
1219	2.85240	-0.26085	10.06538
1220	2.85240	-0.26085	10.06538
1221	2.85240	-0.24712	9.48546
1222	2.85240	-0.24163	9.25520
1223	2.85240	-0.24895	9.56243
1224	2.85240	-0.23340	8.91161
1225	2.85240	-0.25810	9.94890
1226	2.85240	-0.24804	9.52393
1227	2.85240	-0.23889	9.14043
1228	2.85240	-0.25261	9.71669
1229	2.85240	-0.24438	9.37020
1230	2.85240	-0.24072	9.21691
1231	2.85240	-0.25170	9.67808
1232	2.85240	-0.25078	9.63950
1233	2.85240	-0.25261	9.71669
1234	2.85240	-0.24895	9.56243
1235	2.85240	-0.25627	9.87139
1236	2.85240	-0.26817	10.37719
1237	2.85240	-0.25353	9.75532
1238	2.85240	-0.25444	9.79398
1239	2.85240	-0.23980	9.17866
1240	2.85240	-0.25261	9.71669
1241	2.85240	0.23332	7.56123
1242	2.85240	-0.25810	9.94890
1243	2.85240	-0.24072	9.21691
1244	2.85240	-0.24895	9.56243
1245	2.85240	-0.25627	9.87139
1246	2.85240	-0.24895	9.56243
1247	2.85240	-0.25353	9.75532
1248	2.85240	-0.24529	9.40859
1249	2.85240	-0.26725	10.33811
1250	2.85240	-0.24255	9.29350
1251	2.85240	-0.25444	9.79398
1252	2.85240	-0.25902	9.98770
1253	2.85240	-0.24621	9.44701
1254	2.85240	-0.24529	9.40859
1255	2.85240	-0.26176	10.10426
1256	2.85240	-0.15836	5.87798
1257	2.85240	-0.25353	9.75532
1258	2.85240	-0.24712	9.48546
1259	2.85240	-0.24712	9.48546
1260	2.85240	-0.24804	9.52393
1261	2.85240	-0.26451	10.22106
1262	2.85240	-0.24804	9.52393
1263	2.85240	-0.24895	9.56243
1264	2.85240	-0.25078	9.63950
1265	2.85240	-0.24987	9.60095
1266	2.85240	-0.24987	9.60095
1267	2.85240	-0.25810	9.94890
1268	2.85240	-0.23889	9.14043
1269	2.85240	-0.24712	9.48546
1270	2.85240	-0.13090	4.80991
1271	2.85240	-0.25810	9.94890
1272	2.85240	-0.24621	9.44701
1273	2.85240	-0.25627	9.87139
1274	2.85240	-0.25078	9.63950
1275	2.85240	-0.25444	9.79398
1276	2.85240	-0.23157	8.83556
1277	2.85240	-0.24804	9.52393
1278	2.85240	-0.24987	9.60095
1279	2.85240	-0.23431	8.94968
1280	2.85240	-0.25444	9.79398
1281	2.85240	-0.25261	9.71669
1282	2.85240	-0.25261	9.71669
1283	2.85240	-0.26542	10.26005
1284	2.85240	-0.26542	10.26005
1285	2.85240	0.22234	7.23108
1286	2.85240	-0.24987	9.60095
1287	2.85240	-0.23797	9.10223
1288	2.85240	-0.25444	9.79398
1289	2.85240	-0.24621	9.44701
1290	2.85240	-0.25536	9.83267
1291	2.85240	-0.25810	9.94890
1292	2.85240	-0.24895	9.56243
1293	2.85240	-0.25993	10.02652
1294	2.85240	-0.25444	9.79398
1295	2.85240	-0.25353	9.75532
1296	2.85240	-0.24712	9.48546
1297	2.85240	-0.24712	9.48546
1298	2.85240	-0.24346	9.33184
1299	2.85240	-0.25353	9.75532
1300	2.85240	-0.25261	9.71669
1301	2.85240	-0.26359	10.18210
1302	2.85240	-0.25353	9.75532
1303	2.85240	-0.26451	10.22106
1304	2.85240	-0.25170	9.67808
1305	2.85240	-0.25536	9.83267
1306	2.85240	-0.25261	9.71669
1307	2.85240	-0.25627	9.87139
1308	2.85240	-0.24438	9.37020
1309	2.85240	-0.26268	10.14316
1310	2.85240	-0.24346	9.33184
1311	2.85240	-0.25993	10.02652
1312	2.85240	-0.26359	10.18210
1313	2.85240	-0.25902	9.98770
1314	2.85240	-0.25444	9.79398
1315	2.85240	-0.24346	9.33184
1316	2.85240	-0.26085	10.06538
1317	2.85240	-0.24438	9.37020
1318	2.85240	-0.27000	10.45542
1319	2.85240	-0.26176	10.10426
1320	2.85240	-0.25627	9.87139
1321	2.85240	-0.26176	10.10426
1322	2.85240	-0.24072	9.21691
1323	2.85240	-0.25719	9.91013
1324	2.85240	-0.24712	9.48546
1325	2.85240	-0.26085	10.06538
1326	2.85240	-0.24895	9.56243
1327	2.85240	-0.26359	10.18210
1328	2.85240	-0.25444	9.79398
1329	2.85240	-0.24895	9.56243
1330	2.85240	-0.25536	9.83267
1331	2.85240	-0.25444	9.79398
1332	2.85240	-0.27092	10.49457
1333	2.85240	-0.25719	9.91013
1334	2.85240	-0.25810	9.94890
1335	2.85240	-0.25536	9.83267
1336	2.85240	-0.24346	9.33184
1337	2.85240	-0.23889	9.14043
1338	2.85240	-0.25170	9.67808
1339	2.85240	-0.25261	9.71669
1340	2.85240	-0.25353	9.75532
1341	2.85240	-0.25078	9.63950
1342	2.85240	-0.24163	9.25520
1343	2.85240	-0.26817	10.37719
1344	2.85240	-0.25078	9.63950
1345	2.85240	-0.24163	9.25520
1346	2.85240	-0.23614	9.02590
1347	2.85240	-0.23614	9.02590
1348	2.85240	-0.25170	9.67808
1349	2.85240	-0.24987	9.60095
1350	2.85240	-0.23706	9.06405
1351	2.85240	-0.25627	9.87139
1352	2.85240	-0.25810	9.94890
1353	2.85240	-0.24346	9.33184
1354	2.85240	-0.26085	10.06538
1355	2.85240	-0.24987	9.60095
1356	2.85240	-0.24163	9.25520
1357	2.85240	-0.25261	9.71669
1358	2.85240	-0.25444	9.79398
1359	2.85240	-0.26451	10.22106
1360	2.85240	-0.24163	9.25520
1361	2.85240	-0.26085	10.06538
1362	2.85240	-0.24438	9.37020
1363	2.85240	-0.26634	10.29907
1364	2.85240	-0.25627	9.87139
1365	2.85240	-0.25078	9.63950
1366	2.85240	-0.25353	9.75532
1367	2.85240	-0.25810	9.94890
1368	2.85240	-0.25536	9.83267
1369	2.85240	-0.25078	9.63950
1370	2.85240	-0.22424	8.53238
1371	2.85240	-0.23523	8.98778
1372	2.85240	-0.25353	9.75532
1373	2.85240	-0.24895	9.56243
1374	2.85240	-0.24804	9.52393
1375	2.85240	-0.25536	9.83267
1376	2.85240	-0.25536	9.83267
1377	2.85240	-0.25810	9.94890
1378	2.85240	-0.25170	9.67808
1379	2.85240	-0.25261	9.71669
1380	2.85240	-0.25536	9.83267
1381	2.85240	-0.24163	9.25520
1382	2.85240	-0.25810	9.94890
1383	2.85240	-0.24804	9.52393
1384	2.85240	0.15919	5.28601
1385	2.85240	-0.24255	9.29350
1386	2.85240	-0.25444	9.79398
1387	2.85240	-0.24621	9.44701
1388	2.85240	-0.25353	9.75532
1389	2.85240	-0.25261	9.71669
1390	2.85240	-0.25902	9.98770
1391	2.85240	-0.25444	9.79398
1392	2.85240	-0.25078	9.63950
1393	2.85240	-0.23706	9.06405
1394	2.85240	-0.24712	9.48546
1395	2.85240	-0.25902	9.98770
1396	2.85240	-0.24621	9.44701
1397	2.85240	-0.27000	10.45542
1398	2.85240	-0.25719	9.91013
1399	2.85240	-0.25078	9.63950
1400	2.85240	-0.24438	9.37020
1401	2.85240	-0.24621	9.44701
1402	2.85240	-0.23797	9.10223
1403	2.85240	-0.24346	9.33184
1404	2.85240	-0.25993	10.02652
1405	2.85240	-0.24072	9.21691
1406	2.85240	-0.24621	9.44701
1407	2.85240	-0.26085	10.06538
1408	2.85240	-0.25536	9.83267
1409	2.85240	-0.24804	9.52393
1410	2.85240	-0.25353	9.75532
1411	2.85240	-0.24621	9.44701
1412	2.85240	-0.25078	9.63950
1413	2.85240	-0.24804	9.52393
1414	2.85240	-0.25078	9.63950
1415	2.85240	-0.25810	9.94890
1416	2.85240	-0.23431	8.94968
1417	2.85240	-0.25444	9.79398
1418	2.85240	-0.24987	9.60095
1419	2.85240	-0.24712	9.48546
1420	2.85240	-0.24712	9.48546
1421	2.85240	-0.24072	9.21691
1422	2.85240	-0.25078	9.63950
1423	2.85240	-0.25902	9.98770
1424	2.85240	-0.24804	9.52393
1425	2.85240	-0.25078	9.63950
1426	2.85240	-0.25261	9.71669
1427	2.85240	-0.25719	9.91013
1428	2.85240	-0.25170	9.67808
1429	2.85240	-0.25902	9.98770
1430	2.85240	-0.23614	9.02590
1431	2.85240	-0.24163	9.25520
1432	2.85240	-0.26176	10.10426
1433	2.85240	-0.26268	10.14316
1434	2.85240	-0.24529	9.40859
1435	2.85240	-0.24163	9.25520
1436	2.85240	-0.26085	10.06538
1437	2.85240	-0.24255	9.29350
1438	2.85240	-0.24804	9.52393
1439	2.85240	-0.26268	10.14316
1440	2.85240	-0.24438	9.37020
1441	2.85240	-0.24163	9.25520
1442	2.85240	-0.24804	9.52393
1443	2.85240	-0.24804	9.52393
1444	2.85240	-0.25627	9.87139
1445	2.85240	-0.24712	9.48546
1446	2.85240	-0.25536	9.83267
1447	2.85240	-0.25444	9.79398
1448	2.85240	-0.24529	9.40859
1449	2.85240	-0.25261	9.71669
