#Sample[#]	Predicted Power[W]	Error[W]	Absolute Percentage Error[%]
1	2.80975	0.00600	0.21312
2	2.96897	0.17257	5.49303
3	2.94464	0.18683	5.96624
4	2.67579	0.46758	14.87511
5	2.68234	-0.05968	2.27536
6	2.58852	0.01858	0.71271
7	2.59125	0.00579	0.22296
8	2.59071	0.00998	0.38390
9	2.58937	-0.00423	0.16375
10	2.59010	0.00511	0.19701
11	2.59060	0.00369	0.14221
12	2.58946	0.01490	0.57218
13	2.58866	0.00471	0.18179
14	2.58851	0.00487	0.18783
15	2.58975	0.00180	0.06932
16	2.58820	0.01524	0.58556
17	2.59015	0.01238	0.47556
18	2.59117	0.00403	0.15543
19	2.71707	-0.11821	4.54838
20	2.63637	0.45300	14.66317
21	2.59012	0.02065	0.79086
22	2.59043	0.01119	0.42993
23	2.59092	0.00063	0.02437
24	2.58944	0.01401	0.53807
25	2.58904	0.00251	0.09676
26	2.58915	0.01612	0.61872
27	2.59038	0.02771	1.05840
28	2.58899	0.01354	0.52010
29	2.58916	0.01611	0.61843
30	2.58925	0.00047	0.01803
31	2.58872	0.00831	0.32016
32	2.58951	0.01210	0.46525
33	2.58713	0.01449	0.55684
34	2.76312	-0.16791	6.46995
35	2.58791	0.22052	7.85216
36	2.58858	0.01578	0.60600
37	2.59029	0.01315	0.50523
38	2.59075	-0.00378	0.14599
39	2.58773	0.00839	0.32325
40	2.59096	0.00608	0.23400
41	2.58989	0.00898	0.34537
42	2.59006	0.00881	0.33908
43	2.59024	0.00862	0.33185
44	2.58925	0.01328	0.51010
45	2.59040	0.01121	0.43100
46	2.59028	0.02781	1.06223
47	2.58968	0.01285	0.49373
48	2.60565	-0.01593	0.61527
49	2.74823	-0.15119	5.82159
50	2.59007	-0.00493	0.19055
51	2.58998	0.01804	0.69185
52	2.58745	0.01142	0.43945
53	2.59010	0.00420	0.16178
54	2.58944	0.02133	0.81691
55	2.58947	0.01671	0.64135
56	2.58847	0.00765	0.29482
57	2.58932	0.01321	0.50743
58	2.58842	0.00954	0.36708
59	2.58864	0.00291	0.11227
60	2.58851	0.02043	0.78303
61	2.58993	0.00985	0.37883
62	2.58882	0.01188	0.45671
63	2.72000	-0.11472	4.40347
64	2.63666	0.43532	14.17073
65	2.59029	0.01499	0.57519
66	2.59081	0.01721	0.65992
67	2.58944	0.01309	0.50311
68	2.58964	0.00466	0.17947
69	2.58936	0.00219	0.08454
70	2.59065	0.00365	0.14050
71	2.58916	0.01703	0.65332
72	2.59009	0.01610	0.61793
73	2.59113	0.01780	0.68234
74	2.58963	0.01931	0.74002
75	2.58884	0.00545	0.21016
76	2.58846	0.02047	0.78469
77	2.58836	0.02881	1.10099
78	2.75584	-0.16155	6.22719
79	2.59859	0.00303	0.11635
80	2.58931	-0.00508	0.19661
81	2.58917	0.01611	0.61827
82	2.59054	0.01931	0.73974
83	2.59002	0.00245	0.09436
84	2.58884	0.01095	0.42102
85	2.59012	0.01607	0.61676
86	2.58921	0.00050	0.01943
87	2.59029	0.01955	0.74928
88	2.58753	0.02598	0.99390
89	2.58902	0.00802	0.30889
90	2.59090	0.01529	0.58678
91	2.59017	0.01236	0.47491
92	2.59080	0.02911	1.11119
93	2.76587	0.32991	10.65688
94	2.58999	0.01437	0.55173
95	2.58885	0.01734	0.66527
96	2.58926	0.01601	0.61460
97	2.58887	0.00817	0.31441
98	2.58898	0.01080	0.41561
99	2.58857	0.01853	0.71093
100	2.58830	0.02155	0.82575
101	2.59066	0.03017	1.15104
102	2.59053	0.01383	0.53111
103	2.58863	0.00108	0.04187
104	2.58861	0.01483	0.56982
105	2.59039	0.00482	0.18562
106	2.58892	0.00537	0.20702
107	2.64024	-0.04960	1.91469
108	2.71460	-0.10292	3.94081
109	2.59017	0.01328	0.51002
110	2.58768	0.02492	0.95366
111	2.58950	0.01669	0.64038
112	2.59075	0.01360	0.52237
113	2.58907	0.01254	0.48215
114	2.58756	0.01680	0.64512
115	2.58981	0.03286	1.25279
116	2.58999	0.01070	0.41161
117	2.58839	0.02238	0.85705
118	2.58972	0.01007	0.38722
119	2.58975	0.01644	0.63076
120	2.58910	0.00794	0.30565
121	2.59005	0.02254	0.86278
122	2.73233	0.32868	10.73749
123	2.62290	-0.01946	0.74734
124	2.58767	0.02126	0.81498
125	2.58955	0.00749	0.28849
126	2.58996	0.00708	0.27263
127	2.58733	0.01245	0.47907
128	2.58888	0.02463	0.94253
129	2.58978	0.02098	0.80373
130	2.58733	0.02252	0.86289
131	2.58963	0.00924	0.35554
132	2.58882	0.01828	0.70124
133	2.58879	0.00459	0.17697
134	2.59016	0.00871	0.33517
135	2.58903	0.01990	0.76277
136	2.60474	-0.00679	0.26128
137	2.67228	-0.06517	2.49976
138	2.58825	0.01702	0.65340
139	2.58985	0.00810	0.31176
140	2.58847	0.02870	1.09658
141	2.59040	0.00298	0.11500
142	2.59025	0.01960	0.75115
143	2.58885	0.00544	0.20963
144	2.58907	0.00156	0.06033
145	2.59036	0.02132	0.81640
146	2.58684	0.00471	0.18170
147	2.58811	0.01259	0.48407
148	2.58984	0.01360	0.52251
149	2.59116	0.01686	0.64633
150	2.58870	0.00193	0.07466
151	2.68793	0.39962	12.94284
152	2.58810	0.01443	0.55430
153	2.59021	0.00683	0.26289
154	2.59009	0.00970	0.37293
155	2.58679	0.01849	0.70964
156	2.59028	0.00951	0.36568
157	2.58938	0.00949	0.36507
158	2.59013	0.01057	0.40636
159	2.59077	0.02000	0.76591
160	2.58740	0.02245	0.86039
161	2.58957	0.02302	0.88123
162	2.59030	0.00490	0.18898
163	2.58904	0.01990	0.76268
164	2.59054	0.00467	0.17985
165	2.63649	-0.02207	0.84411
166	2.71673	-0.11786	4.53502
167	2.58963	0.01473	0.56575
168	2.59123	0.01679	0.64394
169	2.59130	0.00483	0.18588
170	2.59079	0.01082	0.41589
171	2.58810	0.00894	0.34410
172	2.58895	0.00443	0.17076
173	2.58785	0.01834	0.70359
174	2.58950	0.01486	0.57056
175	2.59035	0.01126	0.43284
176	2.58919	0.01792	0.68725
177	2.59052	0.02116	0.81024
178	2.58821	0.01341	0.51540
179	2.58932	0.02420	0.92578
180	2.71593	0.37527	12.14004
181	2.63971	-0.03901	1.50014
182	2.58911	0.01800	0.69025
183	2.59065	0.00456	0.17576
184	2.58987	0.01265	0.48625
185	2.58959	0.00561	0.21632
186	2.58734	0.02708	1.03582
187	2.58756	0.01314	0.50524
188	2.59042	0.02492	0.95298
189	2.59053	0.02664	1.01807
190	2.58770	0.01483	0.56979
191	2.58772	0.01847	0.70869
192	2.58887	0.01183	0.45473
193	2.59002	0.00885	0.34035
194	2.59093	0.00519	0.19991
195	2.76363	-0.15195	5.81801
196	2.59095	0.01524	0.58475
197	2.59086	0.01807	0.69264
198	2.58846	0.00492	0.18981
199	2.58853	0.00851	0.32755
200	2.58974	0.01187	0.45622
201	2.58926	0.01602	0.61485
202	2.58875	0.01012	0.38946
203	2.58983	0.00995	0.38267
204	2.58968	0.01742	0.66821
205	2.58891	0.02186	0.83726
206	2.58847	0.01772	0.67975
207	2.58934	0.01868	0.71613
208	2.58854	0.02497	0.95537
209	2.63532	0.40830	13.41501
210	2.71871	-0.13082	5.05506
211	2.58799	0.02094	0.80270
212	2.58916	0.01703	0.65347
213	2.59008	0.00879	0.33826
214	2.59021	0.02330	0.89135
215	2.58976	0.00637	0.24527
216	2.58797	0.02371	0.90771
217	2.58806	0.00532	0.20502
218	2.58921	0.00874	0.33642
219	2.59045	0.00384	0.14811
220	2.58868	0.00744	0.28674
221	2.58971	0.00824	0.31717
222	2.58922	0.00507	0.19542
223	2.58770	0.00750	0.28912
224	2.74949	0.33256	10.79031
225	2.60642	0.00526	0.20147
226	2.58916	0.00971	0.37350
227	2.58842	0.01411	0.54202
228	2.58912	0.01798	0.68970
229	2.59108	-0.00136	0.05268
230	2.58943	0.01127	0.43339
231	2.59012	0.01150	0.44195
232	2.58973	0.01555	0.59674
233	2.58863	0.01390	0.53397
234	2.58866	0.00288	0.11127
235	2.58935	0.01593	0.61134
236	2.58972	-0.00000	0.00004
237	2.58959	0.01202	0.46221
238	2.58996	0.00799	0.30753
239	2.76344	-0.14352	5.47801
240	2.58997	0.01347	0.51743
241	2.58833	0.00505	0.19463
242	2.58771	0.00109	0.04223
243	2.59014	0.00598	0.23041
244	2.59055	0.01289	0.49518
245	2.59151	0.00736	0.28325
246	2.58768	0.02217	0.84946
247	2.58931	0.01688	0.64768
248	2.59068	0.00819	0.31495
249	2.59027	0.02782	1.06251
250	2.58771	0.02489	0.95265
251	2.58937	0.02322	0.88887
252	2.58885	0.01642	0.63040
253	2.65216	0.43813	14.17772
254	2.70287	-0.10126	3.89201
255	2.58850	0.00671	0.25857
256	2.58954	0.01756	0.67357
257	2.58990	0.01080	0.41522
258	2.58690	0.03851	1.46686
259	2.58774	0.02303	0.88201
260	2.58913	0.02163	0.82864
261	2.58913	0.00699	0.26926
262	2.58768	0.00753	0.29015
263	2.58894	0.01359	0.52203
264	2.58755	0.01224	0.47064
265	2.58977	0.02099	0.80405
266	2.58750	0.01778	0.68239
267	2.58953	0.03221	1.22863
268	2.76531	-0.15912	6.10565
269	2.58829	0.00509	0.19613
270	2.59051	0.01751	0.67121
271	2.58917	0.00787	0.30285
272	2.58960	0.02300	0.88026
273	2.58870	0.02389	0.91460
274	2.58669	0.01676	0.64364
275	2.58855	0.01672	0.64181
276	2.59043	0.01484	0.56962
277	2.59090	0.00156	0.06027
278	2.58914	-0.00034	0.01303
279	2.58881	0.01372	0.52711
280	2.58824	0.01978	0.75853
281	2.58940	0.00672	0.25882
282	2.66089	0.43123	13.94608
283	2.61463	-0.00112	0.04300
284	2.58826	0.01061	0.40820
285	2.58865	0.01754	0.67298
286	2.58871	0.00924	0.35581
287	2.59056	0.02844	1.08603
288	2.58780	0.01382	0.53111
289	2.59014	-0.00043	0.01644
290	2.59010	0.00236	0.09121
291	2.59001	0.01618	0.62065
292	2.59035	0.02133	0.81675
293	2.58874	0.01013	0.38980
294	2.58987	0.01998	0.76549
295	2.58930	0.01414	0.54310
296	2.58974	0.00272	0.10494
297	2.69023	-0.08953	3.44266
298	2.58929	0.02331	0.89213
299	2.58972	0.00274	0.10572
300	2.58830	0.00874	0.33656
301	2.58699	0.00913	0.35182
302	2.58811	0.01350	0.51891
303	2.58913	0.01706	0.65472
304	2.58740	0.01513	0.58131
305	2.58999	0.01162	0.44668
306	2.59049	0.00929	0.35744
307	2.59073	0.00630	0.24273
308	2.58947	0.00482	0.18579
309	2.58641	0.01887	0.72414
310	2.58830	-0.00225	0.08690
311	2.73940	0.34083	11.06503
312	2.61505	-0.00886	0.33994
313	2.58851	0.01585	0.60843
314	2.59031	0.01314	0.50465
315	2.58812	0.01990	0.76315
316	2.58974	0.01279	0.49141
317	2.59099	-0.00767	0.29706
318	2.58638	0.00700	0.26992
319	2.58804	0.01174	0.45157
320	2.58913	0.02255	0.86362
321	2.58771	0.00658	0.25380
322	2.59074	0.00447	0.17211
323	2.58903	0.00983	0.37843
324	2.58966	0.00372	0.14353
325	2.59841	0.00503	0.19334
326	2.75975	-0.16454	6.34006
327	2.59056	0.00465	0.17902
328	2.58944	0.01583	0.60767
329	2.58742	0.00412	0.15910
330	2.59003	0.01433	0.55034
331	2.58922	0.00690	0.26582
332	2.58820	0.00884	0.34031
333	2.59021	0.00408	0.15737
334	2.58935	0.01227	0.47156
335	2.58968	0.01193	0.45857
336	2.58934	0.02142	0.82049
337	2.58966	0.01195	0.45944
338	2.59033	0.01860	0.71300
339	2.58913	0.01889	0.72415
340	2.63831	0.45381	14.67626
341	2.71829	-0.11942	4.59524
342	2.58799	0.01363	0.52378
343	2.58811	0.01625	0.62401
344	2.58993	0.01626	0.62389
345	2.58643	0.02250	0.86246
346	2.59025	0.00862	0.33155
347	2.59006	0.00973	0.37420
348	2.58980	0.01089	0.41890
349	2.59048	0.01113	0.42778
350	2.58932	0.01046	0.40235
351	2.58907	0.02810	1.07366
352	2.58993	0.00711	0.27369
353	2.59101	0.02616	0.99974
354	2.59028	0.01683	0.64545
355	2.71537	-0.12108	4.66709
356	2.63894	-0.04190	1.61328
357	2.58968	0.02932	1.11954
358	2.58952	0.00844	0.32475
359	2.58900	0.01353	0.52002
360	2.59077	0.01634	0.62666
361	2.58810	0.01626	0.62426
362	2.59071	0.01822	0.69845
363	2.58954	0.01665	0.63896
364	2.58956	0.01754	0.67286
365	2.58932	0.01413	0.54270
366	2.59030	0.00216	0.08326
367	2.58773	0.01114	0.42851
368	2.58868	0.01385	0.53223
369	2.59042	0.49163	15.95135
370	2.76934	-0.16223	6.22267
371	2.58731	0.01430	0.54983
372	2.58971	0.00550	0.21179
373	2.59059	0.01102	0.42377
374	2.59051	0.01110	0.42674
375	2.58963	0.01930	0.73993
376	2.58943	0.00852	0.32791
377	2.58811	0.01991	0.76355
378	2.59035	0.01492	0.57281
379	2.58985	0.00628	0.24174
380	2.58744	0.02241	0.85859
381	2.58990	0.01263	0.48513
382	2.58807	0.02270	0.86934
383	2.58996	0.00342	0.13176
384	2.59780	0.13101	4.80114
385	2.75512	-0.16815	6.49973
386	2.58967	0.01469	0.56410
387	2.58986	0.01816	0.69635
388	2.59006	0.01156	0.44429
389	2.59027	0.01592	0.61073
390	2.58892	0.01910	0.73246
391	2.58826	0.01701	0.65298
392	2.58892	0.00904	0.34786
393	2.59033	0.01769	0.67817
394	2.58978	0.01092	0.41972
395	2.58919	0.00968	0.37251
396	2.58852	0.01401	0.53847
397	2.58931	0.01688	0.64778
398	2.58988	0.00441	0.17011
399	2.68956	-0.08612	3.30794
400	2.66572	-0.06868	2.64470
401	2.59030	0.01132	0.43501
402	2.58975	0.00729	0.28082
403	2.59031	0.01405	0.53937
404	2.58582	0.00756	0.29137
405	2.58901	0.00254	0.09803
406	2.58974	0.00180	0.06963
407	2.58753	0.02689	1.02857
408	2.58918	0.01518	0.58276
409	2.59002	0.02075	0.79460
410	2.58758	0.01495	0.57444
411	2.59025	0.02143	0.82061
412	2.58970	0.00642	0.24736
413	2.58846	0.48078	15.66450
414	2.76963	-0.17443	6.72111
415	2.58498	0.01846	0.70921
416	2.59005	0.01339	0.51431
417	2.58894	0.00535	0.20635
418	2.58976	0.01369	0.52576
419	2.59065	0.01005	0.38652
420	2.58853	0.01491	0.57270
421	2.58991	0.00439	0.16906
422	2.58935	0.01684	0.64617
423	2.58958	0.00562	0.21671
424	2.58963	0.01381	0.53049
425	2.58937	0.01682	0.64555
426	2.58704	0.01366	0.52528
427	2.58931	0.01871	0.71752
428	2.62570	-0.02775	1.06819
429	2.64851	-0.05513	2.12575
430	2.58941	0.01220	0.46907
431	2.58829	0.01973	0.75659
432	2.58754	0.01774	0.68088
433	2.58909	-0.00578	0.22368
434	2.58966	0.01745	0.66918
435	2.59017	0.02151	0.82349
436	2.58882	0.01004	0.38651
437	2.58811	0.01076	0.41411
438	2.58972	0.00640	0.24662
439	2.58815	0.01072	0.41250
440	2.58835	0.00228	0.08792
441	2.58941	0.01129	0.43421
442	2.59005	0.00973	0.37439
443	2.68749	-0.08313	3.19190
444	2.59049	0.00105	0.04065
445	2.58656	0.01780	0.68360
446	2.58901	0.00162	0.06245
447	2.58951	0.01394	0.53536
448	2.58906	0.02079	0.79671
449	2.58863	0.01024	0.39390
450	2.58913	0.01066	0.40990
451	2.58659	0.00404	0.15589
452	2.59000	0.00430	0.16566
453	2.58706	0.00083	0.03191
454	2.58998	0.00431	0.16606
455	2.58969	-0.00638	0.24681
456	2.58937	0.49451	16.03546
457	2.75404	-0.14694	5.63597
458	2.60089	-0.00019	0.00718
459	2.58742	0.01236	0.47539
460	2.58935	0.01043	0.40132
461	2.59025	0.00039	0.01491
462	2.58792	0.01461	0.56133
463	2.59013	0.00691	0.26595
464	2.58900	0.01445	0.55500
465	2.58878	0.02015	0.77244
466	2.59021	0.00683	0.26302
467	2.58821	0.00791	0.30475
468	2.58897	0.01905	0.73047
469	2.58862	0.01574	0.60443
470	2.58810	0.00711	0.27398
471	2.61295	0.17718	6.35008
472	2.74311	-0.15339	5.92309
473	2.58804	0.02273	0.87045
474	2.58978	0.00085	0.03299
475	2.59092	0.00246	0.09469
476	2.58833	0.00505	0.19481
477	2.58950	-0.00893	0.34620
478	2.58768	0.00753	0.29001
479	2.58900	0.02451	0.93790
480	2.59031	0.01771	0.67902
481	2.58663	0.01407	0.54082
482	2.58838	0.00958	0.36859
483	2.58833	0.01328	0.51055
484	2.59274	-0.00302	0.11665
485	2.76209	-0.16047	6.16820
486	2.59022	0.00591	0.22749
487	2.59076	0.00262	0.10101
488	2.58941	0.01769	0.67861
489	2.58969	0.01010	0.38832
490	2.59119	0.01134	0.43555
491	2.58867	-0.00810	0.31403
492	2.58842	0.01685	0.64687
493	2.58971	0.00732	0.28202
494	2.58895	0.00077	0.02971
495	2.59027	-0.00512	0.19822
496	2.59067	0.00911	0.35053
497	2.58904	0.00983	0.37835
498	2.58803	0.00901	0.34701
499	2.61333	-0.01813	0.69844
500	2.74399	0.32525	10.59702
501	2.59024	0.01595	0.61203
502	2.58897	0.01996	0.76506
503	2.58787	0.00734	0.28290
504	2.58798	0.01821	0.69869
505	2.58681	0.02395	0.91746
506	2.58932	0.01779	0.68226
507	2.58968	-0.00912	0.35335
508	2.58833	0.01054	0.40552
509	2.58962	0.01932	0.74051
510	2.58889	0.00815	0.31382
511	2.58860	0.01576	0.60504
512	2.58947	0.01031	0.39657
513	2.59023	0.01687	0.64717
514	2.73412	-0.14532	5.61338
515	2.62156	-0.01537	0.58984
516	2.58463	0.02888	1.10503
517	2.58844	-0.00604	0.23401
518	2.58932	0.00955	0.36750
519	2.58925	0.00138	0.05326
520	2.58826	0.01152	0.44321
521	2.58721	0.00983	0.37857
522	2.58725	0.01711	0.65701
523	2.59052	0.01933	0.74066
524	2.58929	0.01965	0.75315
525	2.58848	0.00673	0.25942
526	2.58941	0.01038	0.39912
527	2.58980	0.00724	0.27889
528	2.62068	-0.02731	1.05293
529	2.73517	0.34505	11.20215
530	2.59006	0.00973	0.37408
531	2.59041	0.02402	0.91870
532	2.58998	0.02536	0.96967
533	2.58815	0.01804	0.69221
534	2.59003	0.00701	0.26974
535	2.59033	0.00671	0.25818
536	2.59029	0.01407	0.54026
537	2.58907	0.00522	0.20134
538	2.58885	-0.00188	0.07256
539	2.58938	0.01589	0.60991
540	2.58856	0.02678	1.02387
541	2.59111	0.01599	0.61348
542	2.59055	0.02845	1.08647
543	2.66247	-0.05171	1.98058
544	2.69172	-0.08919	3.42710
545	2.58884	0.01186	0.45589
546	2.59067	0.00179	0.06904
547	2.58842	0.00679	0.26153
548	2.58991	0.01079	0.41493
549	2.58950	0.00113	0.04364
550	2.58859	-0.00528	0.20439
551	2.59107	0.02336	0.89349
552	2.58878	0.02748	1.05022
553	2.58956	0.01663	0.63808
554	2.58824	-0.00127	0.04919
555	2.58875	0.01561	0.59943
556	2.58999	0.00247	0.09521
557	2.59062	0.01191	0.45759
558	2.74053	0.30949	10.14727
559	2.61589	-0.01428	0.54881
560	2.58718	0.02450	0.93793
561	2.58968	0.00827	0.31834
562	2.58983	0.02459	0.94070
563	2.58806	0.01356	0.52111
564	2.58972	-0.00092	0.03539
565	2.58826	0.02068	0.79254
566	2.59078	0.00626	0.24086
567	2.59004	0.01524	0.58485
568	2.58774	0.00747	0.28777
569	2.58895	0.00992	0.38167
570	2.58977	0.01550	0.59499
571	2.58835	0.00869	0.33451
572	2.59641	-0.01218	0.47129
573	2.68157	-0.06074	2.31760
574	2.59065	0.01920	0.73581
575	2.58842	0.01228	0.47228
576	2.58805	0.01906	0.73098
577	2.58906	0.02079	0.79648
578	2.58929	0.03887	1.47880
579	2.58999	0.01071	0.41162
580	2.58817	0.02442	0.93486
581	2.58962	0.01565	0.60076
582	2.59016	0.00596	0.22973
583	2.59128	0.02681	1.02403
584	2.58946	-0.00158	0.06092
585	2.58922	0.00873	0.33597
586	2.58970	0.00826	0.31787
587	2.68969	0.38138	12.41860
588	2.58794	0.01092	0.42033
589	2.58943	0.02225	0.85192
590	2.58916	0.01337	0.51368
591	2.59053	0.01475	0.56611
592	2.58838	0.01873	0.71829
593	2.59032	0.01313	0.50424
594	2.59036	-0.00247	0.09546
595	2.58857	0.02585	0.98893
596	2.58975	0.01095	0.42110
597	2.59059	0.00004	0.00159
598	2.59073	-0.00102	0.03929
599	2.58947	0.00482	0.18573
600	2.59039	0.02038	0.78045
601	2.59156	-0.00092	0.03566
602	2.76310	-0.16698	6.43195
603	2.59029	0.00309	0.11897
604	2.58845	0.00675	0.26025
605	2.59087	0.02172	0.83147
606	2.59050	0.00379	0.14613
607	2.58906	0.01164	0.44760
608	2.58773	0.02487	0.95179
609	2.59054	0.01748	0.67026
610	2.59057	0.00646	0.24891
611	2.58775	0.02210	0.84692
612	2.58904	0.01349	0.51819
613	2.58872	0.01197	0.46045
614	2.59012	0.01699	0.65161
615	2.58984	0.01178	0.45267
616	2.63761	0.45451	14.69909
617	2.71843	-0.12139	4.67421
618	2.58928	0.01507	0.57884
619	2.58850	0.01769	0.67864
620	2.58966	0.01653	0.63424
621	2.58966	0.00921	0.35441
622	2.58993	0.01626	0.62395
623	2.59065	0.02103	0.80521
624	2.58844	0.02050	0.78572
625	2.59104	0.01424	0.54642
626	2.58841	0.01320	0.50745
627	2.58887	0.01366	0.52477
628	2.59040	0.00573	0.22058
629	2.59080	0.01173	0.45056
630	2.59039	0.01580	0.60611
631	2.68091	-0.05917	2.25677
632	2.67491	-0.08427	3.25299
633	2.59057	0.00647	0.24898
634	2.59055	-0.00175	0.06769
635	2.58960	0.00836	0.32168
636	2.58854	0.01033	0.39749
637	2.58967	0.01835	0.70375
638	2.59010	0.01243	0.47762
639	2.59080	0.00258	0.09939
640	2.58840	0.02694	1.03016
641	2.58880	0.01647	0.63224
642	2.59027	0.00768	0.29559
643	2.58907	0.01529	0.58711
644	2.59030	0.02138	0.81875
645	2.58849	0.48075	15.66348
646	2.73919	-0.14124	5.43649
647	2.61715	-0.02194	0.84547
648	2.58864	0.00200	0.07702
649	2.59006	0.01613	0.61908
650	2.58925	0.00504	0.19420
651	2.58918	0.00877	0.33760
652	2.58928	0.00775	0.29855
653	2.58774	0.02394	0.91682
654	2.58726	0.01985	0.76128
655	2.58985	0.00535	0.20630
656	2.58898	0.01172	0.45060
657	2.58977	0.01916	0.73449
658	2.58919	0.01517	0.58233
659	2.58713	0.01083	0.41680
660	2.60331	0.47234	15.35742
661	2.74998	-0.16026	6.18825
662	2.58867	0.01112	0.42759
663	2.59101	0.01426	0.54747
664	2.58684	0.02667	1.02034
665	2.58746	0.01506	0.57883
666	2.58993	0.01534	0.58897
667	2.58861	0.01758	0.67447
668	2.58997	0.02171	0.83113
669	2.58791	0.01279	0.49173
670	2.58724	0.01803	0.69211
671	2.58691	0.02020	0.77478
672	2.58897	0.02179	0.83466
673	2.58779	0.02297	0.87982
674	2.58871	0.01382	0.53117
675	2.76348	-0.14539	5.55326
676	2.58768	0.02217	0.84965
677	2.58894	0.01359	0.52207
678	2.58858	0.01761	0.67566
679	2.58526	0.01910	0.73324
680	2.59042	0.00936	0.36021
681	2.58830	0.01057	0.40680
682	2.58927	0.01692	0.64921
683	2.58810	0.02358	0.90277
684	2.58777	0.01202	0.46216
685	2.58650	0.00322	0.12415
686	2.58879	0.01557	0.59784
687	2.58746	0.01964	0.75351
688	2.58842	0.00954	0.36710
689	2.72128	0.34979	11.38984
690	2.63277	-0.03756	1.44731
691	2.58940	0.00581	0.22376
692	2.58886	0.01184	0.45525
693	2.58706	0.00540	0.20848
694	2.58823	0.01338	0.51446
695	2.58854	0.01490	0.57247
696	2.58666	0.01770	0.67957
697	2.58888	0.01456	0.55941
698	2.58697	0.01648	0.63288
699	2.58704	0.00542	0.20900
700	2.58789	0.00549	0.21160
701	2.58810	0.02449	0.93754
702	2.58734	0.00879	0.33841
703	2.66982	-0.06363	2.44164
704	2.68476	-0.09047	3.48709
705	2.58674	0.03043	1.16288
706	2.58895	0.02547	0.97437
707	2.58773	0.00931	0.35839
708	2.58987	0.00716	0.27586
709	2.58919	0.01060	0.40757
710	2.58911	0.01250	0.48049
711	2.58927	0.01784	0.68418
712	2.58959	0.01659	0.63674
713	2.58826	0.01610	0.61814
714	2.59036	0.02406	0.92047
715	2.58904	0.01257	0.48332
716	2.58891	0.01362	0.52338
717	2.58738	0.00417	0.16074
718	2.68531	0.39125	12.71717
719	2.58826	0.01244	0.47828
720	2.58811	0.00252	0.09745
721	2.58951	0.01851	0.70964
722	2.58938	0.01224	0.47033
723	2.58946	0.01581	0.60696
724	2.58830	0.01423	0.54668
725	2.58831	0.01605	0.61628
726	2.58726	0.00704	0.27118
727	2.58993	0.01809	0.69360
728	2.58995	0.00983	0.37810
729	2.58710	0.00902	0.34763
730	2.58978	0.01550	0.59478
731	2.68740	-0.09677	3.73526
732	2.58655	0.01140	0.43895
733	2.58863	0.01848	0.70867
734	2.58817	0.01527	0.58651
735	2.58848	0.02686	1.02720
736	2.58963	0.01382	0.53076
737	2.58910	0.01801	0.69078
738	2.58882	0.01188	0.45670
739	2.58798	0.01271	0.48890
740	2.58757	0.02411	0.92326
741	2.58873	0.01929	0.73949
742	2.58825	-0.00036	0.01407
743	2.58717	0.00896	0.34494
744	2.59032	0.01496	0.57407
745	2.76529	-0.16917	6.51619
746	2.58842	0.00953	0.36695
747	2.59043	0.48431	15.75122
748	2.58925	0.00596	0.22949
749	2.58851	0.00670	0.25805
750	2.58946	0.01764	0.67665
751	2.58788	0.00733	0.28227
752	2.58839	0.02970	1.13426
753	2.58815	0.00980	0.37728
754	2.58899	0.01080	0.41536
755	2.58950	0.00479	0.18477
756	2.58781	0.02479	0.94886
757	2.58756	0.01954	0.74960
758	2.59011	0.00235	0.09079
759	2.64757	-0.04870	1.87387
760	2.70316	-0.09697	3.72063
761	2.59021	0.00683	0.26311
762	2.58907	0.00614	0.23657
763	2.58821	0.00700	0.26972
764	2.58912	0.03079	1.17535
765	2.58628	0.01350	0.51923
766	2.58780	0.01564	0.60087
767	2.58737	0.00875	0.33709
768	2.58710	0.00444	0.17147
769	2.58768	0.01942	0.74508
770	2.59009	0.01610	0.61792
771	2.58562	0.02606	0.99767
772	2.64121	-0.04051	1.55780
773	2.71307	-0.11146	4.28417
774	2.59014	0.01056	0.40605
775	2.58740	0.02336	0.89483
776	2.58738	0.48186	15.69979
777	2.58980	0.02280	0.87260
778	2.58927	0.01326	0.50957
779	2.58759	0.01036	0.39877
780	2.58931	0.01414	0.54302
781	2.58898	0.01812	0.69515
782	2.58749	0.02145	0.82212
783	2.58938	0.01315	0.50539
784	2.58800	0.00629	0.24256
785	2.58748	0.01597	0.61324
786	2.58938	0.00308	0.11898
787	2.76529	-0.15636	5.99318
788	2.58920	0.01790	0.68673
789	2.58961	0.02665	1.01854
790	2.59101	0.00420	0.16184
791	2.59047	0.01846	0.70775
792	2.58863	0.01573	0.60384
793	2.58912	0.01615	0.62005
794	2.59101	0.02067	0.79127
795	2.58931	0.02420	0.92613
796	2.58946	0.01216	0.46731
797	2.58868	0.02575	0.98481
798	2.59019	0.01417	0.54414
799	2.58922	0.00050	0.01933
800	2.58962	0.00651	0.25058
801	2.60762	-0.01241	0.47810
802	2.74730	-0.15209	5.86053
803	2.58928	0.01050	0.40383
804	2.58994	0.01534	0.58865
805	2.58845	0.48995	15.91565
806	2.59046	0.00384	0.14783
807	2.59012	0.01882	0.72123
808	2.58802	0.02366	0.90600
809	2.58911	0.01159	0.44556
810	2.58939	0.01954	0.74897
811	2.58944	0.00852	0.32786
812	2.58792	0.01460	0.56116
813	2.59005	0.00515	0.19858
814	2.58804	0.01723	0.66137
815	2.59011	-0.00314	0.12129
816	2.69847	-0.10144	3.90585
817	2.65591	-0.03874	1.48029
818	2.58884	0.00820	0.31581
819	2.58970	0.01374	0.52788
820	2.58910	0.10860	4.02576
821	2.58840	0.00955	0.36772
822	2.58758	0.00762	0.29373
823	2.58980	0.02279	0.87240
824	2.58815	0.00798	0.30720
825	2.58854	0.02864	1.09413
826	2.59021	-0.00690	0.26692
827	2.59032	0.01678	0.64370
828	2.58918	0.01061	0.40805
829	2.59082	0.01720	0.65935
830	2.58823	0.01155	0.44440
831	2.76527	-0.17097	6.59036
832	2.59083	0.01902	0.72876
833	2.58804	0.00717	0.27620
834	2.58925	0.04897	1.85627
835	2.58929	0.01324	0.50860
836	2.58976	0.01185	0.45545
837	2.58818	0.00794	0.30601
838	2.59049	0.01204	0.46249
839	2.58983	0.01545	0.59289
840	2.59027	0.01500	0.57573
841	2.58960	0.01567	0.60148
842	2.58962	0.01840	0.70557
843	2.59080	0.01905	0.72997
844	2.58861	0.00934	0.35970
845	2.60823	-0.00113	0.04318
846	2.74758	-0.13590	5.20353
847	2.58866	0.01661	0.63764
848	2.59024	0.01869	0.71645
849	2.58915	0.48284	15.71754
850	2.58968	0.01376	0.52860
851	2.58999	0.01803	0.69134
852	2.58791	0.00272	0.10489
853	2.58909	0.00978	0.37622
854	2.59064	0.00731	0.28145
855	2.59071	0.00450	0.17343
856	2.59030	0.01406	0.53984
857	2.58754	0.00126	0.04881
858	2.58930	0.00865	0.33307
859	2.59071	0.01182	0.45406
860	2.67261	-0.07282	2.80117
861	2.60077	0.00359	0.13783
862	2.58903	0.00526	0.20273
863	2.58882	0.02652	1.01409
864	2.59081	0.02178	0.83381
865	2.58861	0.02033	0.77921
866	2.58710	0.00627	0.24188
867	2.58855	0.00025	0.00974
868	2.58751	0.02051	0.78648
869	2.58785	0.00553	0.21307
870	2.58983	0.00812	0.31266
871	2.58918	0.00877	0.33776
872	2.58751	0.01410	0.54199
873	2.58740	0.00323	0.12478
874	2.63996	-0.03651	1.40250
875	2.63872	-0.01880	0.71767
876	2.59067	0.00362	0.13956
877	2.59089	0.00523	0.20159
878	2.58862	0.00751	0.28909
879	2.58760	0.00486	0.18738
880	2.58953	0.00659	0.25392
881	2.59145	-0.00082	0.03148
882	2.59037	0.01490	0.57204
883	2.58980	0.01365	0.52414
884	2.59046	0.00841	0.32360
885	2.59018	0.01326	0.50946
886	2.58846	0.01407	0.54067
887	2.58751	0.01410	0.54204
888	2.58953	0.00019	0.00715
889	2.75525	-0.15455	5.94258
890	2.59933	-0.00413	0.15899
891	2.59071	0.00633	0.24363
892	2.58745	0.49369	16.02281
893	2.58885	0.01551	0.59561
894	2.58923	0.00323	0.12475
895	2.59080	0.00716	0.27544
896	2.58829	0.01332	0.51195
897	2.59076	-0.00287	0.11107
898	2.58974	0.01004	0.38614
899	2.59018	0.01051	0.40430
900	2.58777	0.01659	0.63710
901	2.58951	0.00479	0.18452
902	2.59083	0.00895	0.34440
903	2.60075	-0.00463	0.17819
904	2.75301	-0.14133	5.41150
905	2.59041	0.00296	0.11427
906	2.59106	0.01604	0.61533
907	2.59133	0.14389	5.26079
908	2.58928	0.01416	0.54395
909	2.58891	0.03283	1.25230
910	2.58789	0.00823	0.31705
911	2.58805	0.02912	1.11262
912	2.58940	0.00581	0.22375
913	2.58827	0.01151	0.44289
914	2.58877	0.00827	0.31845
915	2.58946	0.01399	0.53728
916	2.58848	0.02412	0.92309
917	2.76402	-0.16332	6.27975
918	2.59028	0.01500	0.57568
919	2.58842	0.01319	0.50714
920	2.58916	0.01154	0.44365
921	2.58925	0.02151	0.82401
922	2.58878	0.00552	0.21264
923	2.58976	0.01003	0.38572
924	2.58942	0.00488	0.18801
925	2.58947	0.00390	0.15056
926	2.59094	0.01158	0.44513
927	2.58993	0.01809	0.69360
928	2.58916	0.00422	0.16272
929	2.59098	0.00880	0.33859
930	2.59083	0.01536	0.58935
931	2.59772	-0.00526	0.20280
932	2.76074	-0.17194	6.64155
933	2.59069	0.01641	0.62946
934	2.59054	0.00100	0.03877
935	2.59081	0.01263	0.48528
936	2.58907	0.48292	15.72006
937	2.58968	0.01102	0.42379
938	2.59040	0.01488	0.57107
939	2.58992	-0.00021	0.00794
940	2.58857	0.00480	0.18526
941	2.59039	0.01122	0.43145
942	2.58898	0.01264	0.48580
943	2.58980	0.00724	0.27859
944	2.58987	0.01632	0.62608
945	2.64092	-0.04754	1.83308
946	2.71063	-0.11451	4.41066
947	2.58851	0.01036	0.39852
948	2.58849	0.00397	0.15315
949	2.58924	0.01146	0.44062
950	2.58769	0.01393	0.53537
951	2.58947	0.02038	0.78071
952	2.59138	0.01389	0.53320
953	2.58960	0.01568	0.60172
954	2.59101	-0.00129	0.04984
955	2.59038	0.01947	0.74614
956	2.58863	0.01390	0.53417
957	2.58993	0.01260	0.48426
958	2.58962	0.00650	0.25039
959	2.76537	-0.16376	6.29438
960	2.58941	0.01770	0.67878
961	2.58909	0.01344	0.51628
962	2.58857	0.02219	0.85006
963	2.58895	0.01175	0.45191
964	2.58851	0.00944	0.36340
965	2.58972	0.49508	16.04894
966	2.59028	0.01408	0.54079
967	2.58890	0.01911	0.73292
968	2.58925	0.02334	0.89346
969	2.58747	0.01140	0.43875
970	2.58888	0.01823	0.69919
971	2.58995	0.00251	0.09692
972	2.58823	0.01887	0.72383
973	2.67163	-0.07276	2.79959
974	2.68214	-0.07503	2.87801
975	2.58801	0.01910	0.73245
976	2.58845	0.00401	0.15463
977	2.58900	0.02176	0.83354
978	2.58863	0.01939	0.74341
979	2.58963	0.00375	0.14444
980	2.58981	0.01455	0.55871
981	2.58841	0.01595	0.61224
982	2.58783	0.02751	1.05179
983	2.58944	0.01675	0.64280
984	2.58916	0.01429	0.54873
985	2.59016	0.02243	0.85866
986	2.58909	0.00886	0.34107
987	2.58895	0.00992	0.38170
988	2.76476	-0.16498	6.34589
989	2.59046	0.02122	0.81258
990	2.58907	0.01620	0.62198
991	2.58850	0.01952	0.74833
992	2.59025	0.00770	0.29658
993	2.59027	0.01043	0.40102
994	2.58903	0.48845	15.87168
995	2.58978	0.00726	0.27953
996	2.58867	0.01569	0.60257
997	2.59034	0.01402	0.53832
998	2.59027	0.01043	0.40090
999	2.58888	0.01181	0.45425
1000	2.59011	0.01699	0.65181
1001	2.59123	0.02045	0.78285
1002	2.60586	-0.00150	0.05764
1003	2.67067	-0.07363	2.83504
1004	2.59000	0.00887	0.34129
1005	2.58986	0.00810	0.31166
1006	2.59030	0.00766	0.29475
1007	2.58941	0.01037	0.39907
1008	2.58812	0.00618	0.23811
1009	2.59055	0.02205	0.84395
1010	2.58887	0.01366	0.52500
1011	2.58856	0.01854	0.71127
1012	2.58953	0.00477	0.18374
1013	2.58975	0.00729	0.28066
1014	2.58994	0.00892	0.34338
1015	2.59022	-0.00050	0.01946
1016	2.58971	0.01556	0.59731
1017	2.67902	-0.08381	3.22938
1018	2.60265	0.00903	0.34582
1019	2.58963	0.00284	0.10943
1020	2.58997	0.01805	0.69214
1021	2.58955	0.01572	0.60340
1022	2.59030	0.00491	0.18917
1023	2.58789	0.48685	15.83375
1024	2.58932	0.01504	0.57737
1025	2.58960	0.00561	0.21607
1026	2.59053	0.02389	0.91391
1027	2.58888	0.00999	0.38439
1028	2.58959	0.03125	1.19222
1029	2.58836	0.00685	0.26396
1030	2.58981	0.00357	0.13756
1031	2.59781	-0.01084	0.41904
1032	2.75594	-0.15616	6.00648
1033	2.58928	0.02240	0.85752
1034	2.58792	0.00088	0.03414
1035	2.59036	0.01858	0.71199
1036	2.58975	0.01369	0.52603
1037	2.58965	0.01562	0.59959
1038	2.59034	0.00853	0.32803
1039	2.59110	0.00594	0.22861
1040	2.59049	0.01387	0.53249
1041	2.59024	0.00405	0.15605
1042	2.59097	0.00515	0.19836
1043	2.59106	0.01422	0.54564
1044	2.58754	0.01315	0.50579
1045	2.58807	0.01171	0.45043
1046	2.63354	-0.03559	1.36990
1047	2.72378	-0.11301	4.32879
1048	2.58955	0.02030	0.77771
1049	2.59030	0.01314	0.50472
1050	2.58786	0.01467	0.56369
1051	2.58941	0.01861	0.71359
1052	2.58887	0.49410	16.02661
1053	2.59036	0.01309	0.50267
1054	2.58964	0.01655	0.63517
1055	2.58968	0.01193	0.45855
1056	2.58740	0.02703	1.03383
1057	2.58863	0.00749	0.28859
1058	2.58947	0.01397	0.53672
1059	2.58910	0.01526	0.58594
1060	2.58969	0.01101	0.42328
1061	2.71310	-0.11240	4.32211
1062	2.64423	-0.05177	1.99680
1063	2.58780	0.01747	0.67072
1064	2.58990	0.01172	0.45040
1065	2.59070	0.01091	0.41942
1066	2.58814	0.01621	0.62260
1067	2.58827	0.01975	0.75744
1068	2.59061	0.01192	0.45804
1069	2.59031	0.01680	0.64427
1070	2.58721	0.01257	0.48358
1071	2.58919	0.00877	0.33750
1072	2.58897	0.00257	0.09932
1073	2.58919	0.01059	0.40735
1074	2.59024	0.00405	0.15606
1075	2.58908	0.01071	0.41190
1076	2.76595	-0.16800	6.46650
1077	2.58943	0.01126	0.43315
1078	2.59005	0.01889	0.72402
1079	2.58972	0.01464	0.56227
1080	2.58978	0.01824	0.69945
1081	2.58953	0.48337	15.73016
1082	2.58941	0.01769	0.67863
1083	2.59036	0.00851	0.32735
1084	2.58925	0.01602	0.61488
1085	2.58959	0.01294	0.49710
1086	2.58857	0.00847	0.32614
1087	2.58911	0.01617	0.62048
1088	2.58930	0.02055	0.78757
1089	2.59108	0.01419	0.54482
1090	2.60159	-0.00181	0.06965
1091	2.75327	-0.16447	6.35317
1092	2.58971	0.00732	0.28201
1093	2.58914	-0.00033	0.01290
1094	2.58861	0.02399	0.91815
1095	2.58996	-0.00482	0.18639
1096	2.58993	0.47382	15.46529
1097	2.58752	0.01318	0.50667
1098	2.58848	0.03327	1.26881
1099	2.58868	0.02209	0.84595
1100	2.58929	0.01141	0.43869
1101	2.58854	0.02314	0.88597
1102	2.59046	0.00109	0.04213
1103	2.58881	0.00548	0.21142
1104	2.58922	0.01697	0.65101
1105	2.69447	-0.08645	3.31481
1106	2.66399	-0.06146	2.36159
1107	2.58823	0.00515	0.19845
1108	2.59079	0.02089	0.79986
1109	2.59062	-0.00639	0.24736
1110	2.58929	0.00043	0.01660
1111	2.59048	0.01113	0.42781
1112	2.59002	0.01983	0.75977
1113	2.58944	0.00852	0.32782
1114	2.58815	0.01530	0.58760
1115	2.59017	0.01236	0.47487
1116	2.59027	0.02050	0.78511
1117	2.59096	0.00883	0.33956
1118	2.58923	0.01971	0.75530
1119	2.58954	0.01757	0.67382
1120	2.72341	-0.13003	5.01385
1121	2.63270	-0.03292	1.26628
1122	2.59046	0.01482	0.56869
1123	2.59024	0.01412	0.54214
1124	2.59105	0.00508	0.19560
1125	2.58988	0.48577	15.79412
1126	2.59101	0.00603	0.23216
1127	2.58956	0.01388	0.53315
1128	2.58898	-0.00475	0.18386
1129	2.59116	0.00862	0.33175
1130	2.59018	0.00137	0.05273
1131	2.58761	0.01401	0.53837
1132	2.59041	0.00205	0.07912
1133	2.58974	0.01645	0.63125
1134	2.58800	0.02185	0.83708
1135	2.74905	-0.14835	5.70436
1136	2.60551	0.00159	0.06113
1137	2.59029	0.00309	0.11900
1138	2.58881	0.01372	0.52728
1139	2.58929	0.00409	0.15771
1140	2.58879	0.02014	0.77209
1141	2.59086	0.01259	0.48344
1142	2.58992	0.00528	0.20363
1143	2.58866	0.00380	0.14653
1144	2.59034	0.00578	0.22266
1145	2.58996	0.00159	0.06130
1146	2.59080	0.01082	0.41578
1147	2.58772	0.01298	0.49919
1148	2.58916	0.01520	0.58377
1149	2.58944	0.02224	0.85159
1150	2.68791	-0.07989	3.06328
1151	2.58950	-0.00161	0.06232
1152	2.58929	0.01507	0.57874
1153	2.58851	0.02134	0.81772
1154	2.59000	0.51218	16.51040
1155	2.58728	0.01799	0.69070
1156	2.59026	0.00952	0.36619
1157	2.58752	0.02233	0.85554
1158	2.58858	0.00388	0.14957
1159	2.58743	0.00321	0.12376
1160	2.58954	0.00659	0.25368
1161	2.58512	0.00734	0.28316
1162	2.58782	0.01379	0.53022
1163	2.58903	0.02356	0.90190
1164	2.68542	-0.08563	3.29389
1165	2.58958	0.01112	0.42749
1166	2.58895	0.01083	0.41668
1167	2.58836	0.01692	0.64933
1168	2.59093	0.01160	0.44567
1169	2.59030	0.01589	0.60980
1170	2.58993	0.01351	0.51907
1171	2.58950	0.01578	0.60565
1172	2.58984	0.00628	0.24204
1173	2.59100	0.00787	0.30265
1174	2.58961	0.01200	0.46126
1175	2.59117	0.02234	0.85492
1176	2.59031	0.00215	0.08296
1177	2.58863	0.01756	0.67381
1178	2.64159	-0.03449	1.32285
1179	2.71388	-0.11685	4.49921
1180	2.58988	0.00807	0.31081
1181	2.58696	0.00459	0.17697
1182	2.58785	0.00736	0.28350
1183	2.58940	0.47252	15.43219
1184	2.58897	0.01173	0.45085
1185	2.58836	0.01691	0.64923
1186	2.58988	0.00990	0.38095
1187	2.58970	0.00734	0.28250
1188	2.58923	0.00323	0.12475
1189	2.59066	0.01645	0.63085
1190	2.59084	0.02084	0.79807
1191	2.58960	0.00744	0.28631
1192	2.59054	0.02205	0.84411
1193	2.73740	-0.13030	4.99784
1194	2.61573	-0.01594	0.61332
1195	2.58702	0.02191	0.83991
1196	2.58904	0.01897	0.72755
1197	2.58950	0.01211	0.46554
1198	2.58825	0.00879	0.33848
1199	2.58898	0.01538	0.59061
1200	2.58941	-0.00061	0.02341
1201	2.59040	0.01122	0.43110
1202	2.59025	0.00679	0.26130
1203	2.58920	0.01424	0.54702
1204	2.58965	-0.00816	0.31626
1205	2.58980	0.01639	0.62877
1206	2.61071	-0.00269	0.10314
1207	2.74370	-0.14208	5.46141
1208	2.58991	0.01628	0.62457
1209	2.58801	0.02275	0.87157
1210	2.59095	0.01433	0.54993
1211	2.58976	0.01826	0.70015
1212	2.59000	0.48382	15.74012
1213	2.59049	0.00929	0.35734
1214	2.58861	0.00477	0.18398
1215	2.58992	-0.00570	0.22049
1216	2.59074	0.00538	0.20719
1217	2.58919	0.01791	0.68700
1218	2.59070	0.01458	0.55954
1219	2.58842	0.00313	0.12065
1220	2.58969	0.00186	0.07171
1221	2.67439	-0.06912	2.65306
1222	2.68116	-0.07039	2.69615
1223	2.59042	0.01303	0.50040
1224	2.59132	0.02768	1.05692
1225	2.58959	0.00471	0.18138
1226	2.58930	0.01506	0.57837
1227	2.58873	0.02478	0.94823
1228	2.58953	0.01025	0.39432
1229	2.59069	0.01733	0.66449
1230	2.58924	0.02244	0.85909
1231	2.58885	0.01185	0.45560
1232	2.59022	0.01140	0.43810
1233	2.58916	0.01062	0.40861
1234	2.58984	0.01360	0.52251
1235	2.59147	0.00465	0.17912
1236	2.71171	-0.12748	4.93301
1237	2.64534	-0.04647	1.78801
1238	2.58942	0.00853	0.32839
1239	2.58972	0.02287	0.87554
1240	2.58804	0.01174	0.45176
1241	2.58897	0.49674	16.09808
1242	2.58932	0.00498	0.19178
1243	2.58851	0.02317	0.88716
1244	2.58965	0.01379	0.52981
1245	2.58854	0.00758	0.29195
1246	2.58768	0.01576	0.60532
1247	2.59092	0.00795	0.30574
1248	2.58916	0.01795	0.68841
1249	2.58937	-0.00423	0.16370
1250	2.59079	0.01906	0.73029
1251	2.76904	-0.17109	6.58540
1252	2.58742	0.00595	0.22961
1253	2.59063	0.01556	0.59714
1254	2.58780	0.01930	0.74034
1255	2.58835	0.00228	0.08807
1256	2.58920	0.10484	3.89147
1257	2.58937	0.00950	0.36543
1258	2.59026	0.01502	0.57642
1259	2.58794	0.01733	0.66537
1260	2.58751	0.01684	0.64677
1261	2.58809	-0.00020	0.00790
1262	2.58955	0.01481	0.56848
1263	2.59012	0.01332	0.51161
1264	2.59073	0.01088	0.41827
1265	2.61136	-0.00883	0.33935
1266	2.74464	-0.14211	5.46062
1267	2.59032	0.00397	0.15319
1268	2.59022	0.02329	0.89124
1269	2.58839	0.01689	0.64820
1270	2.58938	0.13211	4.85439
1271	2.59049	0.00380	0.14654
1272	2.58962	0.01657	0.63582
1273	2.59050	0.00563	0.21675
1274	2.58928	0.01234	0.47427
1275	2.58895	0.00900	0.34654
1276	2.58904	0.03179	1.21297
1277	2.58992	0.01444	0.55435
1278	2.58845	0.01407	0.54081
1279	2.59023	0.02786	1.06401
1280	2.66391	-0.06596	2.53891
1281	2.69224	-0.09246	3.55637
1282	2.59021	0.00958	0.36836
1283	2.58999	-0.00302	0.11682
1284	2.58890	-0.00192	0.07441
1285	2.58804	0.48669	15.82865
1286	2.58799	0.01454	0.55879
1287	2.58988	0.02455	0.93892
1288	2.58891	0.00904	0.34815
1289	2.58961	0.01658	0.63620
1290	2.59024	0.00680	0.26186
1291	2.59051	0.00378	0.14585
1292	2.59037	0.01308	0.50224
1293	2.59042	0.00205	0.07897
1294	2.58868	0.00928	0.35708
1295	2.68954	-0.09067	3.48901
1296	2.58813	0.01714	0.65807
1297	2.59009	0.01519	0.58302
1298	2.58913	0.01980	0.75901
1299	2.58842	0.01045	0.40215
1300	2.58965	0.01013	0.38974
1301	2.58965	-0.00085	0.03269
1302	2.58820	0.01067	0.41041
1303	2.59004	-0.00215	0.08307
1304	2.58917	0.01153	0.44319
1305	2.58796	0.00908	0.34964
1306	2.58952	0.01026	0.39464
1307	2.58905	0.00708	0.27252
1308	2.58960	0.01842	0.70623
1309	2.59941	-0.00970	0.37447
1310	2.60118	0.00775	0.29709
1311	2.58803	0.00443	0.17087
1312	2.58818	0.00062	0.02406
1313	2.58822	0.00516	0.19883
1314	2.58988	0.00807	0.31066
1315	2.58958	0.01935	0.74186
1316	2.58885	0.00270	0.10425
1317	2.58929	0.01873	0.71809
1318	2.58979	-0.00739	0.28634
1319	2.58863	0.00200	0.07739
1320	2.58869	0.00743	0.28612
1321	2.58982	0.00082	0.03152
1322	2.59039	0.02129	0.81527
1323	2.58932	0.00589	0.22689
1324	2.58800	0.01728	0.66314
1325	2.58783	0.00372	0.14353
1326	2.58930	0.01414	0.54322
1327	2.58887	-0.00007	0.00263
1328	2.58978	0.00818	0.31470
1329	2.58963	0.01382	0.53074
1330	2.59026	0.00678	0.26092
1331	2.58863	0.00932	0.35891
1332	2.59023	-0.00875	0.33907
1333	2.59073	0.00448	0.17264
1334	2.58940	0.00489	0.18864
1335	2.58830	0.00874	0.33651
1336	2.61032	-0.00138	0.05307
1337	2.58804	0.02547	0.97438
1338	2.58994	0.01076	0.41367
1339	2.58761	0.01217	0.46830
1340	2.58860	0.01027	0.39506
1341	2.58989	0.01172	0.45056
1342	2.58948	0.02128	0.81511
1343	2.58886	-0.00463	0.17923
1344	2.58747	0.01415	0.54372
1345	2.58955	0.02122	0.81267
1346	2.59051	0.02575	0.98423
1347	2.58822	0.02803	1.07144
1348	2.58981	0.01088	0.41850
1349	2.58937	0.01316	0.50575
1350	2.59512	0.02022	0.77308
1351	2.60217	-0.00605	0.23294
1352	2.58890	0.00539	0.20788
1353	2.58885	0.02009	0.77003
1354	2.58871	0.00284	0.10961
1355	2.58897	0.01356	0.52084
1356	2.59028	0.02049	0.78481
1357	2.58966	0.01013	0.38953
1358	2.58847	0.00949	0.36513
1359	2.58835	-0.00046	0.01775
1360	2.58887	0.02190	0.83870
1361	2.59042	0.00113	0.04361
1362	2.58982	0.01820	0.69766
1363	2.59014	-0.00408	0.15791
1364	2.59015	0.00597	0.22991
1365	2.61198	-0.01036	0.39830
1366	2.58774	0.01113	0.42825
1367	2.58845	0.00584	0.22525
1368	2.59001	0.00703	0.27071
1369	2.58833	0.01329	0.51067
1370	2.58960	0.03856	1.46707
1371	2.58893	0.02824	1.07915
1372	2.58797	0.01090	0.41924
1373	2.59012	0.01332	0.51161
1374	2.58894	0.01542	0.59208
1375	2.58935	0.00769	0.29604
1376	2.58998	0.00706	0.27197
1377	2.58847	0.00583	0.22463
1378	2.58821	0.01249	0.48010
1379	2.61119	-0.01140	0.43868
1380	2.59059	0.00645	0.24839
1381	2.58734	0.02342	0.89716
1382	2.58789	0.00640	0.24677
1383	2.58980	0.01456	0.55913
1384	2.58966	0.42193	14.01018
1385	2.59024	0.01961	0.75139
1386	2.58943	0.00852	0.32797
1387	2.58969	0.01650	0.63317
1388	2.58919	0.00968	0.37239
1389	2.58951	0.01027	0.39502
1390	2.58888	0.00450	0.17362
1391	2.58918	0.00878	0.33782
1392	2.59028	0.01134	0.43578
1393	2.60856	0.00678	0.25937
1394	2.59055	0.01473	0.56528
1395	2.58841	0.00497	0.19149
1396	2.58944	0.01675	0.64261
1397	2.58815	-0.00576	0.22295
1398	2.58753	0.00768	0.29604
1399	2.59059	0.01102	0.42365
1400	2.59056	0.01746	0.66961
1401	2.58933	0.01686	0.64696
1402	2.58758	0.02685	1.02691
1403	2.58905	0.01988	0.76207
1404	2.59118	0.00129	0.04957
1405	2.58843	0.02325	0.89008
1406	2.58710	0.01909	0.73246
1407	2.60536	-0.01381	0.53305
1408	2.59343	0.00361	0.13885
1409	2.58859	0.01576	0.60531
1410	2.58698	0.01189	0.45758
1411	2.58843	0.01776	0.68155
1412	2.59015	0.01147	0.44077
1413	2.58893	0.01543	0.59240
1414	2.58842	0.01319	0.50703
1415	2.58920	0.00510	0.19643
1416	2.59011	0.02797	1.06852
1417	2.58740	0.01055	0.40612
1418	2.58815	0.01438	0.55255
1419	2.58858	0.01669	0.64073
1420	2.58998	0.01530	0.58711
1421	2.60962	0.00206	0.07884
1422	2.58682	0.01480	0.56874
1423	2.59042	0.00296	0.11402
1424	2.58799	0.01637	0.62838
1425	2.58930	0.01231	0.47312
1426	2.58814	0.01164	0.44791
1427	2.58850	0.00670	0.25831
1428	2.58887	0.01183	0.45480
1429	2.58681	0.00656	0.25308
1430	2.58936	0.02689	1.02789
1431	2.59014	0.02063	0.79005
1432	2.58997	0.00067	0.02574
1433	2.58916	0.00055	0.02140
1434	2.58942	0.01768	0.67823
1435	2.59384	0.01693	0.64837
1436	2.59859	-0.00704	0.27162
1437	2.58885	0.02100	0.80474
1438	2.58739	0.01697	0.65164
1439	2.58995	-0.00023	0.00886
1440	2.59058	0.01744	0.66879
1441	2.58815	0.02262	0.86629
1442	2.59035	0.01401	0.53794
1443	2.58907	0.01529	0.58707
1444	2.59020	0.00593	0.22830
1445	2.58989	0.01539	0.59065
1446	2.58830	0.00874	0.33664
1447	2.58922	0.00873	0.33612
1448	2.58875	0.01836	0.70411
1449	2.58960	0.01018	0.39174
