#Sample[#]	Predicted Power[W]	Error[W]	Absolute Percentage Error[%]
1	2.80986	0.00590	0.20939
2	2.96998	0.17155	5.46084
3	2.94712	0.18435	5.88709
4	2.67726	0.46611	14.82832
5	2.68907	-0.06641	2.53199
6	2.58507	0.02203	0.84517
7	2.58723	0.00981	0.37760
8	2.58680	0.01390	0.53437
9	2.58573	-0.00059	0.02282
10	2.58631	0.00889	0.34269
11	2.58672	0.00757	0.29194
12	2.58581	0.01855	0.71243
13	2.58519	0.00819	0.31578
14	2.58506	0.00832	0.32077
15	2.58605	0.00550	0.21225
16	2.58481	0.01863	0.71566
17	2.58636	0.01617	0.62118
18	2.58718	0.00803	0.30949
19	2.71498	-0.11612	4.46792
20	2.62623	0.46314	14.99142
21	2.58633	0.02443	0.93580
22	2.58659	0.01503	0.57766
23	2.58696	0.00459	0.17695
24	2.58579	0.01765	0.67802
25	2.58549	0.00605	0.23358
26	2.58557	0.01970	0.75624
27	2.58654	0.03155	1.20490
28	2.58543	0.01710	0.65695
29	2.58556	0.01971	0.75663
30	2.58564	0.00408	0.15741
31	2.58524	0.01180	0.45437
32	2.58584	0.01577	0.60632
33	2.58395	0.01767	0.67900
34	2.75474	-0.15953	6.14708
35	2.58450	0.22393	7.97350
36	2.58513	0.01923	0.73833
37	2.58647	0.01697	0.65186
38	2.58682	0.00015	0.00570
39	2.58445	0.01167	0.44965
40	2.58701	0.01003	0.38621
41	2.58615	0.01272	0.48929
42	2.58629	0.01258	0.48389
43	2.58643	0.01243	0.47846
44	2.58565	0.01688	0.64842
45	2.58655	0.01506	0.57891
46	2.58647	0.03161	1.20753
47	2.58598	0.01655	0.63599
48	2.59415	-0.00443	0.17117
49	2.74737	-0.15033	5.78865
50	2.58629	-0.00115	0.04456
51	2.58622	0.02180	0.83606
52	2.58424	0.01463	0.56302
53	2.58631	0.00798	0.30772
54	2.58580	0.02497	0.95640
55	2.58583	0.02036	0.78124
56	2.58503	0.01109	0.42719
57	2.58571	0.01682	0.64644
58	2.58499	0.01297	0.49913
59	2.58517	0.00638	0.24615
60	2.58508	0.02386	0.91449
61	2.58618	0.01360	0.52321
62	2.58531	0.01539	0.59185
63	2.71774	-0.11246	4.31678
64	2.62597	0.44602	14.51882
65	2.58647	0.01880	0.72172
66	2.58690	0.02112	0.80986
67	2.58578	0.01674	0.64339
68	2.58596	0.00833	0.32116
69	2.58573	0.00581	0.22432
70	2.58675	0.00754	0.29062
71	2.58557	0.02062	0.79108
72	2.58630	0.01989	0.76302
73	2.58715	0.02178	0.83493
74	2.58596	0.02298	0.88080
75	2.58532	0.00897	0.34582
76	2.58503	0.02391	0.91640
77	2.58494	0.03224	1.23169
78	2.74898	-0.15469	5.96265
79	2.59297	0.00864	0.33217
80	2.58569	-0.00146	0.05658
81	2.58558	0.01969	0.75587
82	2.58668	0.02317	0.88794
83	2.58625	0.00621	0.23965
84	2.58533	0.01445	0.55589
85	2.58633	0.01985	0.76184
86	2.58563	0.00409	0.15797
87	2.58647	0.02338	0.89579
88	2.58429	0.02922	1.11796
89	2.58546	0.01157	0.44567
90	2.58696	0.01923	0.73786
91	2.58637	0.01616	0.62090
92	2.58671	0.03321	1.26763
93	2.75707	0.33871	10.94118
94	2.58618	0.01818	0.69802
95	2.58534	0.02085	0.80015
96	2.58567	0.01960	0.75251
97	2.58534	0.01170	0.45039
98	2.58544	0.01435	0.55190
99	2.58511	0.02199	0.84345
100	2.58489	0.02496	0.95652
101	2.58678	0.03405	1.29937
102	2.58666	0.01770	0.67959
103	2.58516	0.00456	0.17594
104	2.58514	0.01831	0.70322
105	2.58656	0.00865	0.33338
106	2.58539	0.00890	0.34321
107	2.63396	-0.04333	1.67256
108	2.70832	-0.09664	3.70014
109	2.58636	0.01708	0.65611
110	2.58441	0.02818	1.07869
111	2.58585	0.02034	0.78049
112	2.58683	0.01753	0.67315
113	2.58550	0.01611	0.61922
114	2.58433	0.02003	0.76909
115	2.58608	0.03658	1.39484
116	2.58624	0.01446	0.55612
117	2.58497	0.02580	0.98805
118	2.58601	0.01378	0.52996
119	2.58606	0.02013	0.77255
120	2.58553	0.01151	0.44303
121	2.58628	0.02631	1.00712
122	2.72978	0.33123	10.82083
123	2.61281	-0.00936	0.35968
124	2.58440	0.02454	0.94059
125	2.58588	0.01116	0.42970
126	2.58622	0.01082	0.41657
127	2.58412	0.01566	0.60237
128	2.58535	0.02816	1.07731
129	2.58607	0.02469	0.94581
130	2.58413	0.02572	0.98543
131	2.58594	0.01293	0.49743
132	2.58532	0.02178	0.83552
133	2.58528	0.00810	0.31233
134	2.58637	0.01250	0.48103
135	2.58548	0.02345	0.89895
136	2.59338	0.00457	0.17597
137	2.67270	-0.06560	2.51617
138	2.58487	0.02040	0.78307
139	2.58613	0.01183	0.45519
140	2.58504	0.03213	1.22783
141	2.58655	0.00683	0.26333
142	2.58644	0.02341	0.89711
143	2.58534	0.00895	0.34515
144	2.58551	0.00512	0.19763
145	2.58653	0.02515	0.96308
146	2.58373	0.00781	0.30153
147	2.58474	0.01595	0.61347
148	2.58612	0.01733	0.66559
149	2.58716	0.02086	0.79969
150	2.58521	0.00542	0.20936
151	2.68149	0.40605	13.15129
152	2.58468	0.01785	0.68570
153	2.58642	0.01062	0.40888
154	2.58631	0.01347	0.51820
155	2.58371	0.02157	0.82788
156	2.58646	0.01332	0.51248
157	2.58576	0.01311	0.50458
158	2.58634	0.01436	0.55212
159	2.58685	0.02392	0.91608
160	2.58418	0.02567	0.98340
161	2.58591	0.02668	1.02133
162	2.58647	0.00873	0.33657
163	2.58548	0.02346	0.89904
164	2.58667	0.00853	0.32882
165	2.62942	-0.01499	0.57342
166	2.71156	-0.11269	4.33603
167	2.58595	0.01841	0.70683
168	2.58723	0.02079	0.79708
169	2.58726	0.00886	0.34141
170	2.58688	0.01474	0.56651
171	2.58474	0.01230	0.47366
172	2.58541	0.00797	0.30724
173	2.58455	0.02163	0.83014
174	2.58585	0.01851	0.71084
175	2.58652	0.01510	0.58024
176	2.58559	0.02151	0.82507
177	2.58666	0.02502	0.95818
178	2.58481	0.01680	0.64574
179	2.58571	0.02780	1.06378
180	2.71171	0.37949	12.27646
181	2.63119	-0.03049	1.17243
182	2.58552	0.02158	0.82789
183	2.58675	0.00846	0.32596
184	2.58612	0.01640	0.63031
185	2.58592	0.00929	0.35791
186	2.58413	0.03030	1.15882
187	2.58429	0.01641	0.63103
188	2.58656	0.02878	1.10030
189	2.58665	0.03052	1.16608
190	2.58443	0.01810	0.69532
191	2.58444	0.02175	0.83438
192	2.58535	0.01535	0.59016
193	2.58625	0.01262	0.48549
194	2.58698	0.00914	0.35200
195	2.75515	-0.14347	5.49353
196	2.58690	0.01929	0.74021
197	2.58694	0.02199	0.84291
198	2.58502	0.00836	0.32225
199	2.58507	0.01197	0.46093
200	2.58605	0.01557	0.59838
201	2.58565	0.01963	0.75339
202	2.58526	0.01361	0.52356
203	2.58610	0.01368	0.52624
204	2.58598	0.02113	0.81033
205	2.58536	0.02540	0.97296
206	2.58502	0.02117	0.81223
207	2.58571	0.02231	0.85553
208	2.58507	0.02844	1.08823
209	2.62940	0.41422	13.60958
210	2.71223	-0.12434	4.80475
211	2.58465	0.02429	0.93086
212	2.58557	0.02062	0.79114
213	2.58632	0.01255	0.48297
214	2.58640	0.02711	1.03738
215	2.58605	0.01007	0.38786
216	2.58465	0.02703	1.03495
217	2.58471	0.00867	0.33439
218	2.58561	0.01234	0.47503
219	2.58659	0.00770	0.29688
220	2.58520	0.01092	0.42078
221	2.58602	0.01193	0.45923
222	2.58563	0.00867	0.33406
223	2.58443	0.01078	0.41527
224	2.74888	0.33318	10.81021
225	2.59423	0.01745	0.66804
226	2.58557	0.01330	0.51158
227	2.58501	0.01752	0.67319
228	2.58555	0.02155	0.82677
229	2.58710	0.00262	0.10102
230	2.58579	0.01491	0.57321
231	2.58633	0.01529	0.58765
232	2.58602	0.01925	0.73905
233	2.58518	0.01735	0.66665
234	2.58518	0.00637	0.24583
235	2.58572	0.01955	0.75039
236	2.58601	0.00370	0.14299
237	2.58592	0.01570	0.60342
238	2.58606	0.01189	0.45784
239	2.75511	-0.13519	5.16014
240	2.58620	0.01724	0.66233
241	2.58492	0.00846	0.32625
242	2.58443	0.00437	0.16873
243	2.58635	0.00977	0.37648
244	2.58668	0.01677	0.64408
245	2.58744	0.01142	0.43960
246	2.58440	0.02545	0.97497
247	2.58570	0.02049	0.78628
248	2.58677	0.01210	0.46544
249	2.58646	0.03162	1.20780
250	2.58442	0.02818	1.07849
251	2.58575	0.02684	1.02743
252	2.58533	0.01994	0.76540
253	2.64574	0.44455	14.38541
254	2.69667	-0.09506	3.65393
255	2.58505	0.01015	0.39126
256	2.58589	0.02121	0.81365
257	2.58616	0.01454	0.55891
258	2.58379	0.04162	1.58534
259	2.58445	0.02632	1.00797
260	2.58555	0.02521	0.96563
261	2.58556	0.01056	0.40672
262	2.58440	0.01080	0.41628
263	2.58540	0.01713	0.65811
264	2.58431	0.01548	0.59536
265	2.58605	0.02471	0.94654
266	2.58426	0.02101	0.80644
267	2.58588	0.03587	1.36820
268	2.75649	-0.15030	5.76718
269	2.58482	0.00856	0.33015
270	2.58665	0.02137	0.81953
271	2.58558	0.01146	0.44133
272	2.58592	0.02667	1.02095
273	2.58522	0.02738	1.04787
274	2.58363	0.01981	0.76109
275	2.58510	0.02017	0.77437
276	2.58659	0.01869	0.71735
277	2.58695	0.00552	0.21280
278	2.58556	0.00324	0.12530
279	2.58530	0.01723	0.66208
280	2.58486	0.02316	0.88789
281	2.58577	0.01035	0.39881
282	2.66280	0.42932	13.88437
283	2.60212	0.01139	0.43594
284	2.58485	0.01402	0.53951
285	2.58518	0.02101	0.80626
286	2.58522	0.01274	0.49021
287	2.58669	0.03231	1.23365
288	2.58450	0.01712	0.65798
289	2.58635	0.00337	0.13001
290	2.58633	0.00614	0.23671
291	2.58625	0.01994	0.76514
292	2.58653	0.02515	0.96312
293	2.58525	0.01362	0.52389
294	2.58613	0.02372	0.90868
295	2.58569	0.01776	0.68203
296	2.58604	0.00642	0.24762
297	2.68327	-0.08257	3.17486
298	2.58568	0.02692	1.03031
299	2.58603	0.00644	0.24828
300	2.58489	0.01215	0.46770
301	2.58387	0.01226	0.47215
302	2.58475	0.01687	0.64838
303	2.58554	0.02065	0.79230
304	2.58420	0.01833	0.70440
305	2.58623	0.01538	0.59113
306	2.58663	0.01315	0.50591
307	2.58682	0.01021	0.39331
308	2.58582	0.00848	0.32675
309	2.58341	0.02187	0.83933
310	2.58491	0.00115	0.04445
311	2.73794	0.34228	11.11216
312	2.60401	0.00218	0.08363
313	2.58507	0.01929	0.74074
314	2.58648	0.01697	0.65166
315	2.58476	0.02326	0.89175
316	2.58603	0.01650	0.63387
317	2.58703	-0.00372	0.14393
318	2.58337	0.01000	0.38577
319	2.58469	0.01509	0.58051
320	2.58555	0.02613	1.00069
321	2.58444	0.00985	0.37963
322	2.58682	0.00839	0.32324
323	2.58548	0.01338	0.51502
324	2.58597	0.00741	0.28567
325	2.58859	0.01486	0.57066
326	2.75631	-0.16110	6.20773
327	2.58668	0.00852	0.32843
328	2.58580	0.01947	0.74736
329	2.58419	0.00735	0.28375
330	2.58627	0.01809	0.69461
331	2.58563	0.01050	0.40431
332	2.58481	0.01223	0.47085
333	2.58643	0.00786	0.30315
334	2.58572	0.01589	0.61086
335	2.58600	0.01562	0.60032
336	2.58571	0.02506	0.95975
337	2.58598	0.01563	0.60086
338	2.58650	0.02244	0.86006
339	2.58558	0.02244	0.86055
340	2.63197	0.46015	14.88136
341	2.71169	-0.11283	4.34133
342	2.58464	0.01697	0.65245
343	2.58474	0.01962	0.75343
344	2.58619	0.02000	0.76755
345	2.58344	0.02549	0.97720
346	2.58644	0.01243	0.47832
347	2.58628	0.01351	0.51948
348	2.58610	0.01460	0.56142
349	2.58661	0.01500	0.57658
350	2.58571	0.01408	0.54152
351	2.58552	0.03165	1.20948
352	2.58619	0.01085	0.41771
353	2.58703	0.03014	1.15148
354	2.58646	0.02064	0.79171
355	2.71051	-0.11621	4.47954
356	2.63134	-0.03430	1.32078
357	2.58598	0.03302	1.26093
358	2.58584	0.01211	0.46610
359	2.58544	0.01709	0.65671
360	2.58684	0.02027	0.77740
361	2.58473	0.01963	0.75368
362	2.58679	0.02214	0.84873
363	2.58587	0.02032	0.77968
364	2.58590	0.02121	0.81352
365	2.58571	0.01773	0.68114
366	2.58647	0.00599	0.23104
367	2.58445	0.01442	0.55491
368	2.58519	0.01734	0.66609
369	2.58659	0.49546	16.07571
370	2.76176	-0.15465	5.93190
371	2.58194	0.01967	0.75609
372	2.58600	0.00921	0.35472
373	2.58671	0.01490	0.57275
374	2.58664	0.01497	0.57539
375	2.58596	0.02298	0.88066
376	2.58579	0.01216	0.46820
377	2.58475	0.02327	0.89214
378	2.58650	0.01877	0.72046
379	2.58611	0.01002	0.38581
380	2.58421	0.02564	0.98255
381	2.58616	0.01637	0.62899
382	2.58471	0.02606	0.99807
383	2.58620	0.00718	0.27694
384	2.58810	0.14072	5.15683
385	2.75263	-0.16566	6.40371
386	2.58597	0.01839	0.70603
387	2.58614	0.02188	0.83888
388	2.58629	0.01532	0.58900
389	2.58645	0.01974	0.75735
390	2.58539	0.02263	0.86771
391	2.58487	0.02041	0.78330
392	2.58538	0.01258	0.48415
393	2.58652	0.02150	0.82443
394	2.58607	0.01463	0.56254
395	2.58559	0.01328	0.51096
396	2.58507	0.01746	0.67094
397	2.58570	0.02049	0.78621
398	2.58614	0.00815	0.31418
399	2.68273	-0.07929	3.04549
400	2.65990	-0.06286	2.42042
401	2.58649	0.01513	0.58142
402	2.58604	0.01100	0.42356
403	2.58648	0.01788	0.68668
404	2.58294	0.01044	0.40267
405	2.58547	0.00608	0.23452
406	2.58605	0.00550	0.21217
407	2.58428	0.03014	1.15291
408	2.58559	0.01877	0.72085
409	2.58626	0.02451	0.93871
410	2.58433	0.01820	0.69929
411	2.58645	0.02523	0.96613
412	2.58601	0.01011	0.38957
413	2.58502	0.48422	15.77666
414	2.76207	-0.16686	6.42944
415	2.58002	0.02342	0.89976
416	2.58630	0.01714	0.65844
417	2.58540	0.00890	0.34291
418	2.58605	0.01739	0.66803
419	2.58675	0.01395	0.53626
420	2.58508	0.01836	0.70540
421	2.58617	0.00812	0.31311
422	2.58574	0.02045	0.78484
423	2.58592	0.00929	0.35789
424	2.58595	0.01749	0.67192
425	2.58573	0.02046	0.78487
426	2.58390	0.01680	0.64605
427	2.58569	0.02233	0.85615
428	2.61917	-0.02121	0.81655
429	2.64472	-0.05134	1.97973
430	2.58578	0.01583	0.60865
431	2.58488	0.02314	0.88738
432	2.58429	0.02098	0.80540
433	2.58551	-0.00220	0.08526
434	2.58599	0.02112	0.81000
435	2.58639	0.02529	0.96851
436	2.58530	0.01356	0.52192
437	2.58475	0.01412	0.54341
438	2.58602	0.01011	0.38925
439	2.58477	0.01409	0.54235
440	2.58494	0.00569	0.21963
441	2.58577	0.01492	0.57388
442	2.58628	0.01350	0.51932
443	2.68109	-0.07673	2.94614
444	2.58664	0.00491	0.18947
445	2.58351	0.02085	0.80045
446	2.58547	0.00516	0.19920
447	2.58585	0.01759	0.67576
448	2.58550	0.02435	0.93307
449	2.58515	0.01372	0.52780
450	2.58555	0.01424	0.54759
451	2.58355	0.00708	0.27323
452	2.58625	0.00804	0.30993
453	2.58391	0.00398	0.15385
454	2.58623	0.00807	0.31097
455	2.58599	-0.00268	0.10388
456	2.58574	0.49815	16.15327
457	2.74792	-0.14082	5.40136
458	2.59442	0.00628	0.24147
459	2.58421	0.01558	0.59919
460	2.58572	0.01407	0.54105
461	2.58645	0.00418	0.16147
462	2.58459	0.01794	0.68927
463	2.58635	0.01069	0.41160
464	2.58545	0.01799	0.69101
465	2.58528	0.02366	0.90677
466	2.58640	0.01064	0.40968
467	2.58483	0.01129	0.43492
468	2.58542	0.02260	0.86637
469	2.58516	0.01920	0.73706
470	2.58473	0.01048	0.40392
471	2.60571	0.18442	6.60967
472	2.73752	-0.14781	5.70743
473	2.58470	0.02607	0.99849
474	2.58608	0.00456	0.17589
475	2.58697	0.00641	0.24718
476	2.58492	0.00846	0.32622
477	2.58584	-0.00528	0.20448
478	2.58441	0.01079	0.41591
479	2.58545	0.02806	1.07371
480	2.58649	0.02153	0.82558
481	2.58359	0.01711	0.65785
482	2.58495	0.01300	0.50055
483	2.58492	0.01670	0.64177
484	2.58337	0.00635	0.24526
485	2.75891	-0.15729	6.04600
486	2.58641	0.00971	0.37399
487	2.58683	0.00654	0.25231
488	2.58578	0.02132	0.81789
489	2.58598	0.01380	0.53078
490	2.58720	0.01533	0.58895
491	2.58518	-0.00462	0.17893
492	2.58500	0.02028	0.77825
493	2.58601	0.01102	0.42452
494	2.58541	0.00431	0.16637
495	2.58646	-0.00131	0.05084
496	2.58676	0.01302	0.50078
497	2.58548	0.01339	0.51527
498	2.58469	0.01235	0.47547
499	2.60487	-0.00966	0.37228
500	2.73937	0.32988	10.74777
501	2.58643	0.01976	0.75805
502	2.58543	0.02350	0.90085
503	2.58455	0.01066	0.41071
504	2.58466	0.02153	0.82620
505	2.58372	0.02705	1.03602
506	2.58570	0.02141	0.82104
507	2.58599	-0.00542	0.21012
508	2.58492	0.01395	0.53662
509	2.58594	0.02300	0.88154
510	2.58537	0.01167	0.44947
511	2.58514	0.01922	0.73791
512	2.58582	0.01396	0.53709
513	2.58642	0.02068	0.79328
514	2.73183	-0.14303	5.52499
515	2.61111	-0.00492	0.18893
516	2.58199	0.03152	1.20601
517	2.58500	-0.00261	0.10101
518	2.58571	0.01316	0.50621
519	2.58564	0.00499	0.19274
520	2.58487	0.01491	0.57369
521	2.58403	0.01300	0.50072
522	2.58407	0.02028	0.77886
523	2.58665	0.02320	0.88883
524	2.58567	0.02326	0.89164
525	2.58503	0.01018	0.39209
526	2.58577	0.01402	0.53910
527	2.58609	0.01095	0.42149
528	2.61416	-0.02078	0.80142
529	2.72891	0.35132	11.40551
530	2.58628	0.01350	0.51934
531	2.58655	0.02788	1.06640
532	2.58621	0.02913	1.11385
533	2.58477	0.02142	0.82203
534	2.58625	0.01079	0.41531
535	2.58649	0.01054	0.40602
536	2.58646	0.01790	0.68746
537	2.58550	0.00879	0.33876
538	2.58533	0.00164	0.06348
539	2.58577	0.01951	0.74870
540	2.58510	0.03024	1.15630
541	2.58712	0.01999	0.76658
542	2.58667	0.03233	1.23431
543	2.65578	-0.04502	1.72423
544	2.68598	-0.08345	3.20661
545	2.58534	0.01536	0.59063
546	2.58677	0.00569	0.21967
547	2.58500	0.01021	0.39344
548	2.58616	0.01454	0.55920
549	2.58585	0.00479	0.18473
550	2.58513	-0.00182	0.07058
551	2.58709	0.02734	1.04557
552	2.58526	0.03099	1.18467
553	2.58587	0.02032	0.77955
554	2.58484	0.00213	0.08243
555	2.58524	0.01912	0.73414
556	2.58622	0.00624	0.24068
557	2.58671	0.01581	0.60764
558	2.73903	0.31099	10.19634
559	2.60448	-0.00286	0.11010
560	2.58402	0.02766	1.05913
561	2.58598	0.01197	0.46087
562	2.58612	0.02831	1.08277
563	2.58471	0.01690	0.64977
564	2.58602	0.00279	0.10764
565	2.58486	0.02407	0.92274
566	2.58687	0.01017	0.39151
567	2.58627	0.01900	0.72944
568	2.58444	0.01076	0.41473
569	2.58542	0.01344	0.51734
570	2.58607	0.01920	0.73712
571	2.58493	0.01211	0.46619
572	2.58670	-0.00247	0.09577
573	2.68015	-0.05932	2.26328
574	2.58675	0.02310	0.88516
575	2.58500	0.01570	0.60372
576	2.58469	0.02241	0.85959
577	2.58551	0.02434	0.93278
578	2.58567	0.04248	1.61626
579	2.58623	0.01447	0.55622
580	2.58480	0.02779	1.06372
581	2.58594	0.01933	0.74197
582	2.58637	0.00976	0.37587
583	2.58726	0.03083	1.17761
584	2.58583	0.00206	0.07956
585	2.58562	0.01233	0.47478
586	2.58600	0.01195	0.46008
587	2.68499	0.38608	12.57158
588	2.58247	0.01639	0.63085
589	2.58578	0.02590	0.99177
590	2.58559	0.01694	0.65090
591	2.58665	0.01862	0.71486
592	2.58496	0.02215	0.84955
593	2.58650	0.01694	0.65081
594	2.58653	0.00136	0.05245
595	2.58511	0.02932	1.12142
596	2.58603	0.01466	0.56384
597	2.58669	0.00394	0.15204
598	2.58681	0.00291	0.11239
599	2.58582	0.00847	0.32648
600	2.58653	0.02424	0.92845
601	2.58526	0.00538	0.20755
602	2.75687	-0.16075	6.19184
603	2.58645	0.00692	0.26696
604	2.58502	0.01019	0.39273
605	2.58695	0.02565	0.98172
606	2.58662	0.00767	0.29575
607	2.58549	0.01521	0.58471
608	2.58444	0.02816	1.07786
609	2.58667	0.02135	0.81867
610	2.58670	0.01034	0.39806
611	2.58446	0.02539	0.97296
612	2.58549	0.01704	0.65487
613	2.58524	0.01546	0.59456
614	2.58633	0.02077	0.79674
615	2.58612	0.01550	0.59568
616	2.62982	0.46230	14.95097
617	2.71340	-0.11636	4.48058
618	2.58568	0.01868	0.71738
619	2.58506	0.02113	0.81083
620	2.58596	0.02023	0.77605
621	2.58597	0.01290	0.49631
622	2.58619	0.02000	0.76747
623	2.58677	0.02491	0.95383
624	2.58500	0.02393	0.91725
625	2.58705	0.01822	0.69950
626	2.58498	0.01664	0.63948
627	2.58534	0.01719	0.66032
628	2.58657	0.00956	0.36807
629	2.58689	0.01564	0.60092
630	2.58654	0.01965	0.75379
631	2.67415	-0.05240	1.99874
632	2.66890	-0.07826	3.02100
633	2.58670	0.01034	0.39821
634	2.58668	0.00213	0.08216
635	2.58593	0.01203	0.46287
636	2.58509	0.01377	0.53001
637	2.58598	0.02204	0.84514
638	2.58631	0.01622	0.62319
639	2.58687	0.00650	0.25077
640	2.58497	0.03037	1.16112
641	2.58530	0.01998	0.76681
642	2.58646	0.01150	0.44247
643	2.58550	0.01886	0.72406
644	2.58647	0.02521	0.96518
645	2.58504	0.48420	15.77580
646	2.73777	-0.13981	5.38165
647	2.60570	-0.01049	0.40436
648	2.58517	0.00547	0.21097
649	2.58629	0.01990	0.76356
650	2.58564	0.00865	0.33350
651	2.58560	0.01236	0.47558
652	2.58567	0.01137	0.43790
653	2.58447	0.02722	1.04205
654	2.58408	0.02303	0.88320
655	2.58612	0.00909	0.35009
656	2.58543	0.01526	0.58694
657	2.58606	0.02288	0.87690
658	2.58561	0.01875	0.72007
659	2.58398	0.01398	0.53794
660	2.59238	0.48327	15.71279
661	2.74866	-0.15894	6.13743
662	2.58518	0.01460	0.56163
663	2.58703	0.01824	0.70026
664	2.58376	0.02975	1.13822
665	2.58423	0.01829	0.70297
666	2.58619	0.01908	0.73252
667	2.58513	0.02106	0.80795
668	2.58623	0.02545	0.97443
669	2.58458	0.01612	0.61993
670	2.58407	0.02121	0.81402
671	2.58380	0.02331	0.89396
672	2.58543	0.02533	0.97030
673	2.58450	0.02627	1.00618
674	2.58521	0.01732	0.66564
675	2.75695	-0.13887	5.30407
676	2.58241	0.02744	1.05142
677	2.58540	0.01713	0.65811
678	2.58512	0.02107	0.80849
679	2.58250	0.02186	0.83945
680	2.58657	0.01321	0.50808
681	2.58489	0.01398	0.53793
682	2.58568	0.02051	0.78680
683	2.58474	0.02694	1.03171
684	2.58447	0.01531	0.58904
685	2.58347	0.00624	0.24104
686	2.58528	0.01907	0.73242
687	2.58422	0.02288	0.87764
688	2.58501	0.01294	0.49824
689	2.71882	0.35225	11.46986
690	2.62281	-0.02760	1.06355
691	2.58577	0.00943	0.36348
692	2.58534	0.01536	0.59073
693	2.58391	0.00855	0.32979
694	2.58485	0.01676	0.64440
695	2.58508	0.01836	0.70534
696	2.58360	0.02076	0.79706
697	2.58535	0.01810	0.69509
698	2.58385	0.01959	0.75260
699	2.58392	0.00855	0.32968
700	2.58457	0.00881	0.33967
701	2.58474	0.02786	1.06630
702	2.58413	0.01199	0.46183
703	2.66338	-0.05719	2.19429
704	2.67868	-0.08439	3.25297
705	2.58365	0.03352	1.28066
706	2.58540	0.02903	1.11019
707	2.58442	0.01261	0.48574
708	2.58612	0.01091	0.42027
709	2.58559	0.01419	0.54599
710	2.58552	0.01610	0.61866
711	2.58566	0.02144	0.82250
712	2.58592	0.02027	0.77780
713	2.58487	0.01949	0.74826
714	2.58653	0.02790	1.06717
715	2.58548	0.01613	0.62003
716	2.58539	0.01714	0.65859
717	2.58416	0.00738	0.28496
718	2.67850	0.39806	12.93856
719	2.58485	0.01585	0.60930
720	2.58472	0.00592	0.22836
721	2.58586	0.02216	0.84970
722	2.58573	0.01588	0.61049
723	2.58580	0.01948	0.74759
724	2.58488	0.01765	0.67806
725	2.58490	0.01946	0.74719
726	2.58407	0.01022	0.39401
727	2.58620	0.02182	0.83666
728	2.58620	0.01358	0.52234
729	2.58394	0.01218	0.46933
730	2.58606	0.01921	0.73742
731	2.68102	-0.09039	3.48917
732	2.58349	0.01446	0.55665
733	2.58517	0.02193	0.84125
734	2.58479	0.01865	0.71638
735	2.58504	0.03030	1.15874
736	2.58595	0.01750	0.67212
737	2.58552	0.02159	0.82798
738	2.58532	0.01538	0.59140
739	2.58466	0.01603	0.61653
740	2.58431	0.02737	1.04797
741	2.58524	0.02277	0.87327
742	2.58485	0.00304	0.11748
743	2.58400	0.01212	0.46691
744	2.58650	0.01877	0.72048
745	2.75849	-0.16237	6.25436
746	2.58288	0.01507	0.58010
747	2.58656	0.48817	15.87699
748	2.58564	0.00957	0.36880
749	2.58505	0.01016	0.39150
750	2.58582	0.02129	0.81652
751	2.58455	0.01066	0.41061
752	2.58495	0.03313	1.26548
753	2.58476	0.01320	0.50793
754	2.58544	0.01435	0.55181
755	2.58584	0.00845	0.32576
756	2.58452	0.02808	1.07477
757	2.58431	0.02279	0.87432
758	2.58633	0.00613	0.23649
759	2.64141	-0.04254	1.63703
760	2.69760	-0.09141	3.50746
761	2.58641	0.01063	0.40939
762	2.58551	0.00970	0.37371
763	2.58483	0.01038	0.40006
764	2.58555	0.03437	1.31183
765	2.58330	0.01648	0.63385
766	2.58450	0.01894	0.72764
767	2.58416	0.01197	0.46088
768	2.58395	0.00760	0.29325
769	2.58439	0.02271	0.87117
770	2.58629	0.01990	0.76356
771	2.58276	0.02892	1.10748
772	2.63482	-0.03412	1.31205
773	2.70701	-0.10539	4.05103
774	2.58635	0.01435	0.55188
775	2.58418	0.02659	1.01834
776	2.58417	0.48508	15.80446
777	2.58609	0.02651	1.01467
778	2.58566	0.01687	0.64809
779	2.58434	0.01361	0.52400
780	2.58568	0.01776	0.68218
781	2.58543	0.02167	0.83119
782	2.58425	0.02468	0.94615
783	2.58574	0.01679	0.64500
784	2.58467	0.00962	0.37084
785	2.58426	0.01919	0.73696
786	2.58574	0.00672	0.25929
787	2.75645	-0.14752	5.65430
788	2.58554	0.02156	0.82697
789	2.58592	0.03034	1.15953
790	2.58706	0.00815	0.31400
791	2.58661	0.02232	0.85558
792	2.58515	0.01921	0.73751
793	2.58554	0.01973	0.75739
794	2.58704	0.02464	0.94360
795	2.58567	0.02784	1.06516
796	2.58581	0.01581	0.60753
797	2.58519	0.02924	1.11837
798	2.58637	0.01799	0.69074
799	2.58561	0.00411	0.15872
800	2.58593	0.01019	0.39266
801	2.59550	-0.00030	0.01141
802	2.74683	-0.15162	5.84248
803	2.58567	0.01412	0.54295
804	2.58619	0.01909	0.73266
805	2.58502	0.49338	16.02708
806	2.58661	0.00769	0.29631
807	2.58633	0.02260	0.86640
808	2.58468	0.02700	1.03379
809	2.58554	0.01516	0.58274
810	2.58576	0.02317	0.88824
811	2.58580	0.01216	0.46796
812	2.58459	0.01794	0.68935
813	2.58628	0.00892	0.34390
814	2.58471	0.02056	0.78933
815	2.58633	0.00064	0.02492
816	2.69087	-0.09383	3.61307
817	2.65102	-0.03385	1.29335
818	2.58533	0.01171	0.45089
819	2.58600	0.01745	0.67007
820	2.58554	0.11216	4.15759
821	2.58497	0.01298	0.49964
822	2.58433	0.01087	0.41897
823	2.58607	0.02652	1.01510
824	2.58478	0.01134	0.43686
825	2.58509	0.03208	1.22582
826	2.58640	-0.00309	0.11963
827	2.58651	0.02060	0.79004
828	2.58558	0.01420	0.54634
829	2.58689	0.02113	0.81008
830	2.58483	0.01495	0.57503
831	2.75668	-0.16239	6.25956
832	2.58659	0.02326	0.89120
833	2.58468	0.01053	0.40559
834	2.58564	0.05258	1.99283
835	2.58567	0.01686	0.64784
836	2.58605	0.01556	0.59808
837	2.58480	0.01132	0.43623
838	2.58664	0.01589	0.61052
839	2.58611	0.01917	0.73566
840	2.58646	0.01881	0.72211
841	2.58593	0.01935	0.74258
842	2.58593	0.02209	0.84688
843	2.58689	0.02296	0.87960
844	2.58514	0.01281	0.49313
845	2.59601	0.01109	0.42545
846	2.74702	-0.13534	5.18227
847	2.58518	0.02010	0.77145
848	2.58643	0.02251	0.86267
849	2.58558	0.48641	15.83362
850	2.58598	0.01747	0.67088
851	2.58623	0.02179	0.83542
852	2.58459	0.00605	0.23335
853	2.58552	0.01334	0.51345
854	2.58676	0.01120	0.43104
855	2.58679	0.00842	0.32436
856	2.58649	0.01787	0.68600
857	2.58429	0.00451	0.17411
858	2.58568	0.01228	0.47259
859	2.58682	0.01571	0.60364
860	2.67317	-0.07338	2.82272
861	2.59005	0.01431	0.54934
862	2.58548	0.00881	0.33969
863	2.58530	0.03004	1.14873
864	2.58688	0.02572	0.98427
865	2.58514	0.02380	0.91211
866	2.58395	0.00943	0.36365
867	2.58510	0.00371	0.14314
868	2.58426	0.02376	0.91085
869	2.58454	0.00884	0.34092
870	2.58611	0.01184	0.45589
871	2.58559	0.01236	0.47593
872	2.58427	0.01734	0.66661
873	2.58419	0.00644	0.24857
874	2.63820	-0.03476	1.33518
875	2.63006	-0.01015	0.38731
876	2.58677	0.00752	0.28981
877	2.58695	0.00918	0.35341
878	2.58515	0.01097	0.42270
879	2.58434	0.00812	0.31314
880	2.58587	0.01025	0.39497
881	2.58739	0.00325	0.12533
882	2.58654	0.01873	0.71891
883	2.58607	0.01737	0.66718
884	2.58660	0.01227	0.47203
885	2.58641	0.01704	0.65446
886	2.58501	0.01752	0.67309
887	2.58428	0.01733	0.66620
888	2.58586	0.00385	0.14876
889	2.74921	-0.14852	5.71060
890	2.59285	0.00236	0.09089
891	2.58681	0.01022	0.39370
892	2.58423	0.49691	16.12733
893	2.58533	0.01903	0.73074
894	2.58563	0.00684	0.26371
895	2.58688	0.01108	0.42636
896	2.58488	0.01673	0.64315
897	2.58687	0.00102	0.03942
898	2.58603	0.01375	0.52888
899	2.58638	0.01431	0.55040
900	2.58447	0.01989	0.76359
901	2.58585	0.00844	0.32543
902	2.58690	0.01288	0.49553
903	2.59052	0.00560	0.21569
904	2.75090	-0.13922	5.33052
905	2.58656	0.00682	0.26307
906	2.58709	0.02002	0.76782
907	2.58728	0.14794	5.40862
908	2.58568	0.01776	0.68232
909	2.58539	0.03636	1.38670
910	2.58458	0.01155	0.44481
911	2.58470	0.03247	1.24079
912	2.58577	0.00944	0.36386
913	2.58488	0.01490	0.57312
914	2.58527	0.01177	0.45325
915	2.58581	0.01763	0.67735
916	2.58504	0.02755	1.05468
917	2.75632	-0.15562	5.98390
918	2.58550	0.01977	0.75886
919	2.58499	0.01662	0.63884
920	2.58556	0.01514	0.58220
921	2.58564	0.02513	0.96250
922	2.58526	0.00903	0.34819
923	2.58603	0.01376	0.52913
924	2.58576	0.00853	0.32881
925	2.58583	0.00755	0.29111
926	2.58698	0.01555	0.59757
927	2.58619	0.02183	0.83703
928	2.58558	0.00780	0.30073
929	2.58701	0.01277	0.49132
930	2.58690	0.01929	0.73997
931	2.58773	0.00473	0.18258
932	2.75743	-0.16863	6.51390
933	2.58676	0.02034	0.78027
934	2.58667	0.00487	0.18808
935	2.58688	0.01656	0.63614
936	2.58551	0.48648	15.83597
937	2.58600	0.01470	0.56537
938	2.58655	0.01873	0.71880
939	2.58619	0.00353	0.13635
940	2.58511	0.00827	0.31898
941	2.58653	0.01509	0.57998
942	2.58543	0.01618	0.62199
943	2.58606	0.01098	0.42261
944	2.58613	0.02006	0.76987
945	2.63470	-0.04132	1.59342
946	2.70494	-0.10882	4.19154
947	2.58506	0.01381	0.53123
948	2.58506	0.00741	0.28568
949	2.58565	0.01505	0.57878
950	2.58441	0.01721	0.66143
951	2.58582	0.02403	0.92058
952	2.58733	0.01794	0.68876
953	2.58594	0.01934	0.74220
954	2.58703	0.00268	0.10358
955	2.58655	0.02330	0.89294
956	2.58514	0.01738	0.66797
957	2.58618	0.01635	0.62805
958	2.58594	0.01018	0.39211
959	2.75650	-0.15489	5.95349
960	2.58573	0.02138	0.82002
961	2.58552	0.01701	0.65341
962	2.58512	0.02565	0.98235
963	2.58540	0.01530	0.58817
964	2.58506	0.01289	0.49610
965	2.58603	0.49877	16.16862
966	2.58647	0.01789	0.68704
967	2.58537	0.02265	0.86858
968	2.58564	0.02696	1.03176
969	2.58423	0.01463	0.56312
970	2.58536	0.02174	0.83389
971	2.58621	0.00626	0.24134
972	2.58484	0.02226	0.85395
973	2.66524	-0.06637	2.55395
974	2.67617	-0.06906	2.64899
975	2.58467	0.02243	0.86046
976	2.58503	0.00743	0.28675
977	2.58545	0.02531	0.96954
978	2.58515	0.02287	0.87673
979	2.58595	0.00743	0.28657
980	2.58609	0.01827	0.70158
981	2.58499	0.01937	0.74390
982	2.58454	0.03080	1.17752
983	2.58580	0.02039	0.78240
984	2.58556	0.01788	0.68681
985	2.58637	0.02623	1.00389
986	2.58553	0.01243	0.47837
987	2.58540	0.01346	0.51807
988	2.75656	-0.15678	6.03041
989	2.58602	0.02566	0.98250
990	2.58550	0.01977	0.75885
991	2.58506	0.02296	0.88026
992	2.58644	0.01151	0.44317
993	2.58645	0.01425	0.54788
994	2.58550	0.49198	15.98654
995	2.58606	0.01098	0.42291
996	2.58519	0.01916	0.73586
997	2.58649	0.01786	0.68594
998	2.58647	0.01423	0.54714
999	2.58535	0.01535	0.59024
1000	2.58635	0.02075	0.79603
1001	2.58721	0.02447	0.93706
1002	2.59417	0.01018	0.39106
1003	2.67154	-0.07450	2.86876
1004	2.58623	0.01263	0.48617
1005	2.58613	0.01183	0.45519
1006	2.58648	0.01147	0.44148
1007	2.58577	0.01401	0.53887
1008	2.58473	0.00956	0.36847
1009	2.58668	0.02592	0.99196
1010	2.58534	0.01719	0.66059
1011	2.58510	0.02200	0.84392
1012	2.58587	0.00842	0.32458
1013	2.58603	0.01101	0.42397
1014	2.58621	0.01266	0.48724
1015	2.58641	0.00331	0.12764
1016	2.58601	0.01927	0.73954
1017	2.67550	-0.08030	3.09401
1018	2.59515	0.01653	0.63290
1019	2.58594	0.00652	0.25149
1020	2.58622	0.02180	0.83584
1021	2.58588	0.01939	0.74440
1022	2.58647	0.00873	0.33651
1023	2.58457	0.49016	15.94165
1024	2.58571	0.01864	0.71589
1025	2.58592	0.00929	0.35780
1026	2.58666	0.02776	1.06198
1027	2.58537	0.01350	0.51949
1028	2.58591	0.03492	1.33232
1029	2.58494	0.01026	0.39551
1030	2.58610	0.00728	0.28054
1031	2.58820	-0.00123	0.04761
1032	2.75320	-0.15342	5.90125
1033	2.58567	0.02601	0.99602
1034	2.58459	0.00421	0.16274
1035	2.58654	0.02240	0.85855
1036	2.58605	0.01739	0.66800
1037	2.58597	0.01931	0.74108
1038	2.58650	0.01236	0.47574
1039	2.58712	0.00992	0.38192
1040	2.58662	0.01774	0.68111
1041	2.58645	0.00785	0.30246
1042	2.58703	0.00910	0.35034
1043	2.58707	0.01820	0.69877
1044	2.58430	0.01640	0.63041
1045	2.58471	0.01507	0.57980
1046	2.62601	-0.02806	1.07995
1047	2.71823	-0.10746	4.11622
1048	2.58590	0.02395	0.91770
1049	2.58648	0.01696	0.65162
1050	2.58454	0.01799	0.69127
1051	2.58578	0.02224	0.85291
1052	2.58535	0.49762	16.14103
1053	2.58653	0.01691	0.64963
1054	2.58595	0.02024	0.77655
1055	2.58599	0.01562	0.60041
1056	2.58418	0.03024	1.15669
1057	2.58517	0.01096	0.42202
1058	2.58582	0.01762	0.67692
1059	2.58552	0.01884	0.72340
1060	2.58600	0.01470	0.56507
1061	2.70675	-0.10605	4.07773
1062	2.63750	-0.04504	1.73718
1063	2.58450	0.02077	0.79731
1064	2.58616	0.01545	0.59383
1065	2.58679	0.01482	0.56964
1066	2.58478	0.01958	0.75171
1067	2.58487	0.02315	0.88763
1068	2.58672	0.01581	0.60740
1069	2.58649	0.02062	0.79088
1070	2.58403	0.01576	0.60604
1071	2.58560	0.01235	0.47534
1072	2.58544	0.00611	0.23583
1073	2.58560	0.01418	0.54558
1074	2.58644	0.00786	0.30284
1075	2.58551	0.01427	0.54901
1076	2.75818	-0.16023	6.16744
1077	2.58451	0.01619	0.62263
1078	2.58628	0.02266	0.86840
1079	2.58602	0.01834	0.70425
1080	2.58606	0.02196	0.84185
1081	2.58586	0.48704	15.84944
1082	2.58578	0.02132	0.81787
1083	2.58653	0.01234	0.47484
1084	2.58566	0.01961	0.75279
1085	2.58591	0.01661	0.63839
1086	2.58511	0.01192	0.45913
1087	2.58554	0.01974	0.75755
1088	2.58568	0.02417	0.92605
1089	2.58709	0.01818	0.69795
1090	2.59119	0.00859	0.33057
1091	2.75111	-0.16231	6.26960
1092	2.58601	0.01102	0.42450
1093	2.58554	0.00326	0.12610
1094	2.58513	0.02746	1.05121
1095	2.58620	-0.00106	0.04097
1096	2.58618	0.47757	15.58788
1097	2.58426	0.01644	0.63204
1098	2.58503	0.03671	1.40034
1099	2.58517	0.02559	0.98020
1100	2.58568	0.01501	0.57733
1101	2.58509	0.02659	1.01800
1102	2.58661	0.00494	0.19071
1103	2.58530	0.00899	0.34656
1104	2.58562	0.02057	0.78921
1105	2.68698	-0.07896	3.02746
1106	2.65816	-0.05563	2.13741
1107	2.58483	0.00854	0.32948
1108	2.58688	0.02480	0.94953
1109	2.58672	-0.00250	0.09664
1110	2.58568	0.00404	0.15583
1111	2.58663	0.01498	0.57592
1112	2.58626	0.02359	0.90381
1113	2.58580	0.01216	0.46796
1114	2.58477	0.01867	0.71722
1115	2.58636	0.01617	0.62141
1116	2.58644	0.02432	0.93164
1117	2.58698	0.01280	0.49230
1118	2.58562	0.02332	0.89366
1119	2.58585	0.02125	0.81509
1120	2.72096	-0.12758	4.91963
1121	2.62231	-0.02253	0.86663
1122	2.58661	0.01867	0.71658
1123	2.58643	0.01792	0.68824
1124	2.58706	0.00906	0.34891
1125	2.58614	0.48950	15.91550
1126	2.58704	0.00999	0.38482
1127	2.58590	0.01754	0.67383
1128	2.58543	-0.00120	0.04644
1129	2.58717	0.01261	0.48512
1130	2.58637	0.00518	0.19993
1131	2.58436	0.01726	0.66327
1132	2.58657	0.00589	0.22732
1133	2.58604	0.02015	0.77317
1134	2.58466	0.02519	0.96505
1135	2.74852	-0.14782	5.68380
1136	2.59353	0.01358	0.52086
1137	2.58648	0.00690	0.26607
1138	2.58530	0.01722	0.66182
1139	2.58567	0.00771	0.29713
1140	2.58529	0.02364	0.90630
1141	2.58692	0.01653	0.63479
1142	2.58618	0.00903	0.34791
1143	2.58519	0.00727	0.28035
1144	2.58651	0.00962	0.37042
1145	2.58621	0.00534	0.20587
1146	2.58688	0.01473	0.56615
1147	2.58442	0.01628	0.62586
1148	2.58559	0.01877	0.72082
1149	2.58579	0.02590	0.99151
1150	2.68058	-0.07256	2.78202
1151	2.58584	0.00204	0.07891
1152	2.58568	0.01868	0.71724
1153	2.58506	0.02479	0.94996
1154	2.58624	0.51594	16.63162
1155	2.58409	0.02118	0.81314
1156	2.58646	0.01333	0.51263
1157	2.58427	0.02558	0.98026
1158	2.58512	0.00734	0.28313
1159	2.58421	0.00642	0.24791
1160	2.58587	0.01025	0.39491
1161	2.58238	0.01008	0.38886
1162	2.58451	0.01710	0.65735
1163	2.58548	0.02712	1.03794
1164	2.67945	-0.07966	3.06424
1165	2.58591	0.01479	0.56880
1166	2.58541	0.01437	0.55278
1167	2.58495	0.02032	0.77998
1168	2.58698	0.01555	0.59756
1169	2.58648	0.01971	0.75644
1170	2.58619	0.01726	0.66291
1171	2.58584	0.01943	0.74585
1172	2.58611	0.01001	0.38572
1173	2.58705	0.01181	0.45460
1174	2.58593	0.01569	0.60304
1175	2.58716	0.02635	1.00824
1176	2.58650	0.00596	0.22999
1177	2.58515	0.02104	0.80735
1178	2.63525	-0.02815	1.07972
1179	2.70753	-0.11049	4.25446
1180	2.58614	0.01181	0.45476
1181	2.58383	0.00772	0.29786
1182	2.58454	0.01067	0.41120
1183	2.58576	0.47616	15.55097
1184	2.58543	0.01527	0.58705
1185	2.58495	0.02032	0.77998
1186	2.58615	0.01363	0.52446
1187	2.58599	0.01104	0.42525
1188	2.58564	0.00682	0.26307
1189	2.58676	0.02034	0.78036
1190	2.58690	0.02478	0.94874
1191	2.58594	0.01110	0.42739
1192	2.58667	0.02592	0.99220
1193	2.73608	-0.12897	4.94703
1194	2.60483	-0.00504	0.19397
1195	2.58389	0.02504	0.95982
1196	2.58548	0.02253	0.86406
1197	2.58586	0.01575	0.60557
1198	2.58485	0.01218	0.46916
1199	2.58543	0.01893	0.72671
1200	2.58577	0.00304	0.11729
1201	2.58655	0.01506	0.57895
1202	2.58645	0.01059	0.40784
1203	2.58561	0.01783	0.68490
1204	2.58596	-0.00448	0.17352
1205	2.58608	0.02011	0.77164
1206	2.60089	0.00713	0.27331
1207	2.74103	-0.13942	5.35894
1208	2.58618	0.02001	0.76780
1209	2.58467	0.02609	0.99948
1210	2.58699	0.01829	0.70186
1211	2.58604	0.02198	0.84280
1212	2.58623	0.48759	15.86272
1213	2.58665	0.01313	0.50520
1214	2.58514	0.00824	0.31770
1215	2.58618	-0.00196	0.07573
1216	2.58682	0.00930	0.35827
1217	2.58561	0.02149	0.82444
1218	2.58680	0.01848	0.70930
1219	2.58498	0.00656	0.25328
1220	2.58601	0.00554	0.21372
1221	2.66811	-0.06283	2.41179
1222	2.67473	-0.06397	2.45007
1223	2.58656	0.01688	0.64835
1224	2.58728	0.03172	1.21115
1225	2.58591	0.00838	0.32294
1226	2.58570	0.01866	0.71634
1227	2.58523	0.02828	1.08201
1228	2.58587	0.01391	0.53506
1229	2.58678	0.02124	0.81425
1230	2.58564	0.02604	0.99709
1231	2.58533	0.01537	0.59109
1232	2.58643	0.01518	0.58366
1233	2.58558	0.01420	0.54630
1234	2.58611	0.01733	0.66574
1235	2.58740	0.00873	0.33611
1236	2.70573	-0.12150	4.70169
1237	2.63829	-0.03942	1.51694
1238	2.58579	0.01216	0.46811
1239	2.58602	0.02657	1.01715
1240	2.58469	0.01510	0.58071
1241	2.58543	0.50029	16.21300
1242	2.58570	0.00859	0.33107
1243	2.58507	0.02661	1.01874
1244	2.58596	0.01749	0.67169
1245	2.58509	0.01103	0.42500
1246	2.58442	0.01903	0.73083
1247	2.58697	0.01190	0.45797
1248	2.58557	0.02153	0.82586
1249	2.58575	-0.00061	0.02349
1250	2.58687	0.02298	0.88035
1251	2.76155	-0.16360	6.29727
1252	2.58198	0.01139	0.43939
1253	2.58674	0.01945	0.74618
1254	2.58449	0.02261	0.86742
1255	2.58494	0.00569	0.21972
1256	2.58563	0.10841	4.02415
1257	2.58573	0.01313	0.50537
1258	2.58645	0.01882	0.72240
1259	2.58461	0.02067	0.79322
1260	2.58427	0.02009	0.77139
1261	2.58474	0.00314	0.12142
1262	2.58590	0.01846	0.70888
1263	2.58633	0.01711	0.65738
1264	2.58682	0.01480	0.56872
1265	2.60236	0.00017	0.00635
1266	2.74082	-0.13829	5.31384
1267	2.58651	0.00779	0.30011
1268	2.58639	0.02712	1.03760
1269	2.58496	0.02031	0.77974
1270	2.58573	0.13576	4.98850
1271	2.58662	0.00767	0.29561
1272	2.58593	0.02026	0.77736
1273	2.58661	0.00951	0.36628
1274	2.58567	0.01595	0.61298
1275	2.58541	0.01254	0.48272
1276	2.58548	0.03535	1.34880
1277	2.58618	0.01818	0.69799
1278	2.58501	0.01752	0.67320
1279	2.58644	0.03165	1.20884
1280	2.65717	-0.05921	2.27924
1281	2.68615	-0.08636	3.32187
1282	2.58640	0.01338	0.51470
1283	2.58624	0.00073	0.02827
1284	2.58537	0.00161	0.06209
1285	2.58469	0.49004	15.93777
1286	2.58465	0.01787	0.68681
1287	2.58615	0.02827	1.08141
1288	2.58537	0.01258	0.48420
1289	2.58593	0.02026	0.77750
1290	2.58641	0.01062	0.40906
1291	2.58665	0.00765	0.29472
1292	2.58651	0.01693	0.65032
1293	2.58656	0.00591	0.22784
1294	2.58519	0.01276	0.49133
1295	2.68416	-0.08529	3.28179
1296	2.58244	0.02284	0.87657
1297	2.58632	0.01895	0.72755
1298	2.58556	0.02338	0.89614
1299	2.58499	0.01388	0.53404
1300	2.58597	0.01382	0.53143
1301	2.58595	0.00285	0.11020
1302	2.58483	0.01404	0.54005
1303	2.58627	0.00161	0.06231
1304	2.58558	0.01512	0.58128
1305	2.58462	0.01242	0.47835
1306	2.58586	0.01393	0.53574
1307	2.58548	0.01064	0.40995
1308	2.58590	0.02212	0.84799
1309	2.60120	-0.01149	0.44349
1310	2.59134	0.01759	0.67426
1311	2.58483	0.00763	0.29424
1312	2.58489	0.00391	0.15118
1313	2.58496	0.00842	0.32453
1314	2.58627	0.01168	0.44968
1315	2.58604	0.02290	0.87757
1316	2.58543	0.00611	0.23596
1317	2.58579	0.02223	0.85220
1318	2.58620	-0.00381	0.14747
1319	2.58528	0.00535	0.20667
1320	2.58531	0.01082	0.41664
1321	2.58623	0.00440	0.16975
1322	2.58666	0.02502	0.95788
1323	2.58499	0.01021	0.39358
1324	2.58473	0.02054	0.78843
1325	2.58460	0.00694	0.26793
1326	2.58576	0.01768	0.67927
1327	2.58536	0.00344	0.13305
1328	2.58616	0.01179	0.45398
1329	2.58606	0.01739	0.66792
1330	2.58646	0.01058	0.40750
1331	2.58518	0.01277	0.49149
1332	2.58649	-0.00501	0.19410
1333	2.58693	0.00828	0.31909
1334	2.58575	0.00854	0.32928
1335	2.58495	0.01209	0.46545
1336	2.60579	0.00314	0.12054
1337	2.58503	0.02848	1.08976
1338	2.58622	0.01447	0.55655
1339	2.58446	0.01533	0.58951
1340	2.58522	0.01365	0.52505
1341	2.58617	0.01545	0.59375
1342	2.58593	0.02484	0.95139
1343	2.58543	-0.00120	0.04645
1344	2.58429	0.01732	0.66582
1345	2.58592	0.02485	0.95182
1346	2.58674	0.02952	1.12835
1347	2.58491	0.03134	1.19803
1348	2.58608	0.01462	0.56220
1349	2.58579	0.01673	0.64302
1350	2.59020	0.02514	0.96138
1351	2.59979	-0.00366	0.14111
1352	2.58540	0.00890	0.34288
1353	2.58547	0.02346	0.89939
1354	2.58528	0.00627	0.24178
1355	2.58544	0.01709	0.65679
1356	2.58655	0.02421	0.92734
1357	2.58609	0.01369	0.52664
1358	2.58508	0.01287	0.49533
1359	2.58494	0.00295	0.11382
1360	2.58549	0.02528	0.96824
1361	2.58670	0.00485	0.18711
1362	2.58609	0.02193	0.84087
1363	2.58638	-0.00033	0.01260
1364	2.58652	0.00960	0.36980
1365	2.60736	-0.00575	0.22087
1366	2.58448	0.01439	0.55373
1367	2.58510	0.00919	0.35416
1368	2.58636	0.01068	0.41105
1369	2.58492	0.01669	0.64160
1370	2.58600	0.04216	1.60405
1371	2.58553	0.03164	1.20896
1372	2.58470	0.01417	0.54508
1373	2.58636	0.01708	0.65622
1374	2.58550	0.01886	0.72422
1375	2.58582	0.01121	0.43181
1376	2.58627	0.01077	0.41461
1377	2.58501	0.00929	0.35796
1378	2.58498	0.01572	0.60454
1379	2.60681	-0.00703	0.27034
1380	2.58671	0.01033	0.39788
1381	2.58416	0.02660	1.01901
1382	2.58469	0.00960	0.37013
1383	2.58615	0.01821	0.69906
1384	2.58598	0.42561	14.13235
1385	2.58655	0.02330	0.89268
1386	2.58591	0.01204	0.46362
1387	2.58599	0.02020	0.77520
1388	2.58563	0.01324	0.50947
1389	2.58598	0.01380	0.53088
1390	2.58540	0.00798	0.30754
1391	2.58558	0.01237	0.47629
1392	2.58654	0.01507	0.57923
1393	2.60530	0.01004	0.38402
1394	2.58607	0.01920	0.73705
1395	2.58503	0.00835	0.32188
1396	2.58592	0.02027	0.77768
1397	2.58485	-0.00245	0.09498
1398	2.58427	0.01094	0.42147
1399	2.58681	0.01480	0.56895
1400	2.58678	0.02124	0.81425
1401	2.58574	0.02045	0.78452
1402	2.58436	0.03007	1.15013
1403	2.58558	0.02336	0.89528
1404	2.58727	0.00519	0.20023
1405	2.58499	0.02669	1.02185
1406	2.58398	0.02220	0.85200
1407	2.60107	-0.00952	0.36742
1408	2.59005	0.00698	0.26890
1409	2.58520	0.01915	0.73549
1410	2.58397	0.01490	0.57335
1411	2.58507	0.02112	0.81021
1412	2.58635	0.01526	0.58665
1413	2.58552	0.01884	0.72341
1414	2.58513	0.01648	0.63348
1415	2.58562	0.00867	0.33420
1416	2.58640	0.03168	1.21011
1417	2.58429	0.01366	0.52574
1418	2.58483	0.01770	0.67996
1419	2.58510	0.02017	0.77438
1420	2.58635	0.01892	0.72639
1421	2.60463	0.00705	0.26986
1422	2.58464	0.01697	0.65234
1423	2.58668	0.00670	0.25834
1424	2.58482	0.01954	0.75011
1425	2.58574	0.01588	0.61021
1426	2.58478	0.01500	0.57706
1427	2.58522	0.00999	0.38493
1428	2.58551	0.01519	0.58388
1429	2.58371	0.00967	0.37282
1430	2.58582	0.03043	1.16320
1431	2.58648	0.02429	0.93022
1432	2.58631	0.00432	0.16692
1433	2.58556	0.00415	0.16041
1434	2.58588	0.02123	0.81424
1435	2.59017	0.02060	0.78887
1436	2.59419	-0.00264	0.10187
1437	2.58535	0.02450	0.93887
1438	2.58441	0.01995	0.76617
1439	2.58644	0.00327	0.12636
1440	2.58670	0.02132	0.81746
1441	2.58490	0.02587	0.99075
1442	2.58676	0.01760	0.67580
1443	2.58565	0.01871	0.71843
1444	2.58641	0.00971	0.37420
1445	2.58635	0.01892	0.72620
1446	2.58514	0.01190	0.45819
1447	2.58564	0.01231	0.47383
1448	2.58532	0.02179	0.83575
1449	2.58611	0.01367	0.52578
