#Timestamp	Benchmark	Run(#)	CPU Frequency(MHz)	Samples(#)	Power[W](avg)	Energy[J](tot)	Current[A](tot)	time(tot)	icmiss(tot)	ichold(tot)	dcmiss(tot)	dchold(tot)	wbhold(tot)	ainst(tot)	iinst(tot)	bpmiss(tot)	ahbutil(tot)	ahbtutil(tot)	branch(tot)	call(tot)	type2(tot)	ldst(tot)	load(tot)	store(tot)
1	aha-compress	1	80	305	2.954098361	9.438283186	273	255598346	153	5347	32	23525637	23524666	155742804	155742799	1736757	156408655	156428626	8622197	299037	55501155	81137681	55070730	26066950
2	aha-mont	1	80	252	2.936507937	7.743349502	224	210953954	149	5240	29	26897695	26900426	117325867	117340902	4094771	115574055	115605599	7853116	85963	47801969	50207146	34851461	15364244
3	bubblesort	1	80	132	2.886363636	3.981288941	116	110347536	72	2517	35	8971929	8973138	68111338	68128524	2553976	38706312	38724656	3948389	789	26937104	33347531	26895794	6461743
4	ctl-stack	1	80	202	2.930693069	6.188523287	179	168929960	181	5975	78	12896530	12896002	102669337	102686153	1745450	72123554	72149106	6858316	1795625	30276861	53664446	41642254	12033145
5	ctl-string	1	80	189	2.772486772	5.473108574	159	157926339	162	5600	37	2515138	2513841	113327777	113327763	4088889	40955047	40967376	9611388	2723867	44974447	39027776	34320372	4707394
6	ctl-vector	1	80	150	2.973333333	4.637496404	135	124775688	196	6640	79	14849665	14850753	75021402	75038194	130833	62298383	62322169	4109668	1607376	24398458	38258410	27871375	10397824
7	dhrystone	1	80	1835	2.864305177	55.23924851	1593	1542831370	1256	44165	149	267960675	266057310	890738189	890747960	25247994	743553235	743681582	63504525	17001095	378533992	303511520	199509555	104004743
8	dtoa	1	80	155	2.883870968	4.613189493	135	127972147	477733	17475817	96	14564402	14564620	71141342	71156343	3351895	63025792	63049417	8306948	736139	38386758	18318514	11282384	7041625
9	edn	1	80	1376	2.831395349	40.92807891	1181	1156407322	217	7497	191	69014260	69009473	692385166	692385185	536832	468012916	468102916	18276872	49181	343241612	310448063	246583013	63865014
10	fasta	1	80	840	2.760714286	24.31575431	703	704622117	270	9460	79	55239370	55237054	455308028	455308044	40498178	203451535	203506453	83408011	11242523	258549453	71914712	40359616	31555085
11	fir	1	80	4674	2.969833119	145.9654075	4206	3931949080	101	3583	203	323525175	323520317	2085682156	2085681883	3014711	2482774444	2483080116	110579790	8221	617713880	1238161948	824368289	413793540
12	frac	1	80	1997	2.73760641	57.54888521	1657	1681728535	261	9324	42	151921099	151922517	1200190033	1200210298	75583611	456959877	457097884	170267156	18498874	817380139	137945351	73139070	64809632
13	huffbench	1	80	5387	2.809134794	159.1920382	4585	4533553563	267	9213	341	390315565	390307058	2997052076	2997052002	66238437	1758881180	1759233479	211217583	2539533	1233572947	1087855009	834810854	253044078
14	levenshtein	1	80	941	2.762765957	27.31124548	787	790837759	107	3688	51	55091745	55090104	494788785	494788764	4157492	193297063	193358624	24252526	8753172	246001744	174960548	142745462	32215078
15	ludcmp	1	80	361	2.817174515	10.68062499	308	303300344	220	7637	41	28357143	28355752	197374779	197374753	17616971	103795615	103819232	32989335	4468762	107758037	38568023	22269950	16298064
16	matmult_float	1	80	95	2.821052632	2.794736618	81	79253725	225	7787	158	6912310	6908297	53156034	53156030	4436346	25167704	25173917	8491873	1227985	31413973	8869367	4959926	3909438
17	miniz	1	80	13192	2.886647964	400.6651347	11537	11103955583	9111339	315877036	11145288	1750308630	1490713322	6437061394	6437079751	132819610	6428280390	6429158274	467587242	909343	2166271794	3042211221	2177526005	864685240
18	minver	1	80	154	2.811688312	4.53272097	131	128967950	265	9308	33	10071362	10072528	86513411	86532005	6485162	44057114	44076410	14404881	2083548	46431127	17624841	11005715	6624365
19	nbody	1	80	152	2.769736842	4.401328193	128	127126249	264	9276	50	11125570	11126516	93133101	93153490	5408118	31824587	31841449	13060454	1105849	65774972	9720610	5279963	4443747
20	ndes	1	80	754	2.832669323	22.51994153	646	636006225	191	6755	119	64448539	64447035	423482869	423501342	5381179	254551940	254612454	24427335	4038623	188637689	154128633	112398431	41730200
21	nettle-aes	1	80	692	2.770231214	20.11451158	581	580876036	276	9474	692	45051598	45037018	378086791	378105207	679694	155274481	155327065	4348295	53249	191201937	174626172	150500067	24136140
22	nettle-arcfour	1	80	390	2.861538462	11.72731509	338	327860422	80	2847	30	32113692	32115979	150868677	150881600	24640	152273997	152312910	4376979	20495	55203334	80467216	60680012	19795653
23	nettle-sha	1	80	91	2.824175824	2.682112402	78	75975791	398	13634	53	2885866	2885137	54545420	54565443	106209	20346437	20360042	515072	53173	32252387	21246000	18008145	3246835
24	newlib-exp	1	80	144	2.854166667	4.289459832	124	120230115	191	6649	24	12558391	12560343	77098916	77116716	7254571	43888191	43907703	13465200	1924642	42126844	14422992	7556619	6871268
25	newlib-log	1	80	108	2.861111111	3.22596236	94	90201666	198	6968	24	9616638	9618790	57707479	57725285	5348232	33506113	33523417	9822349	1482004	31328037	11075670	5832731	5242938
26	picojpeg	1	80	17075	2.88338312	518.1154604	14918	14375209646	1034683	38126877	197	3142338626	3142339256	7954364937	7954380214	38551836	10313602330	10314721707	286904987	114470854	3894069514	2872498579	1851604461	1020894077
27	prime	1	80	202	2.698019802	5.683669728	165	168528629	83	2801	11	8890304	8891334	67706224	67717417	12327	32156032	32174558	3566931	1798063	30331231	21332052	15970329	5361728
28	qurt	1	80	261	2.712643678	7.42715895	215	219038247	260	9368	31	18586770	18587893	155986248	156006047	10496417	64323309	64348546	24730151	3087070	100534490	20234809	10505723	9732156
29	sglib_heap-arraybinsearch	1	80	197	2.751269036	5.667353496	164	164792419	75	2492	35	7885555	7885992	113017611	113036799	5938691	58840114	58852991	15859813	8221	35238242	41906225	32100340	9805881
30	sglib_heap-arrayheapsort	1	80	410	2.802439024	12.02672922	348	343321774	99	3362	61	15660740	15660258	234277169	234296299	12497543	123303767	123340209	18058728	8221	75162128	98553898	78000074	20553803
31	sglib_heap-arrayquicksort	1	80	408	2.803439803	12.02035661	346	343017363	99	3362	61	15646705	15646693	234069573	234088651	12486356	123194063	123230489	18042735	8207	75104547	98486277	77952894	20543014
32	sglib_heap-arraysort	1	80	409	2.80195599	12.02283415	347	343269750	99	3362	61	15658133	15658121	234241781	234260875	12495547	123284663	123321128	18056010	8213	75159778	98553895	78000081	20553807
33	sglib_heap-dllist	1	80	434	2.877880184	13.06556794	378	363199775	151	5205	117	38567547	38568202	218827656	218844362	8416282	184170931	184212079	25085834	1678762	43554735	116005145	85306902	30709072
34	sglib_heap-hashtable	1	80	293	2.873720137	8.856291819	255	246545701	131	4502	104	24404964	24405195	154369663	154386801	2645521	125422387	125456176	8964339	5283163	50573156	64369923	43460917	20918104
35	sglib_heap-listinsertsort	1	80	512	2.798828125	15.07188418	434	430805566	98	3387	93	11262831	11260913	262701837	262718768	11418356	179415173	179459293	23733389	2062992	57772294	147717992	117814649	29914130
36	sglib_heap-listsort	1	80	347	2.890489914	10.48686733	304	290244703	108	3722	91	33887459	33887763	174505533	174505546	7574582	146787746	146810423	21350498	831514	35168621	90375188	65912810	24462368
37	sglib_heap-queue	1	80	443	2.783295711	12.95301768	374	372307337	129	4466	66	16233308	16231495	245666307	245666308	11927599	135862859	135891808	18518125	8221	100634927	105918464	83275724	22642728
38	sglib_heap-rbtree	1	80	1123	2.751558326	32.65699828	936	949483730	202	7080	189	97065578	97065245	578504398	578519309	23505106	362549811	362631496	51991952	7381015	196780272	239768406	189497205	50271201
39	sglib_quick-arraybinsearch	1	80	195	2.753846154	5.6550438	163	164280602	75	2492	35	7861270	7861577	112666829	112685909	5920248	58660814	58683587	15817140	8193	35155203	41814675	32035638	9787795
40	sglib_quick-arrayheapsort	1	80	197	2.741116751	5.689652813	164	166053571	109	3797	65	3545763	3544603	117786528	117806320	5883566	42527280	42546859	11813948	8205	37851691	46194440	39108192	7095233
41	sglib_quick-arrayquicksort	1	80	197	2.741116751	5.69793102	164	166295172	109	3797	65	3551132	3549997	117957725	117977523	5892109	42589122	42608649	11829454	8221	37888549	46231649	39133182	7098472
42	sglib_quick-arraysort	1	80	197	2.741116751	5.696419603	164	166251061	109	3797	65	3550035	3548944	117926564	117946358	5890530	42577878	42597501	11827984	8221	37888550	46231638	39133188	7098475
43	sglib_quick-dllist	1	80	430	2.879069767	13.08811786	375	363676296	182	6320	121	38608360	38605298	219020810	219020832	8422456	184292867	184321011	25098339	1679385	43569517	116036619	85323757	30712869
44	sglib_quick-hashtable	1	80	292	2.873287671	8.881452618	254	247283353	160	5578	108	24468448	24465650	154734221	154734227	2651199	125678212	125697302	8980615	5292057	50651516	64463917	43519995	20943927
45	sglib_quick-listinsertsort	1	80	509	2.800788955	15.10329848	430	431401258	129	4502	97	11275888	11273376	262979025	262979035	11428920	179571873	179605172	23750765	2064407	57807208	147796967	117870542	29926435
46	sglib_quick-listsort	1	80	343	2.900874636	10.50785563	301	289784481	108	3722	91	33832696	33834365	174236078	174253188	7564141	146601573	146640004	21327785	830728	35138092	90304818	65867516	24448142
47	sglib_quick-queue	1	80	440	2.784090909	12.93511355	371	371686528	100	3390	61	16210027	16209638	245358914	245376695	11914051	135721697	135760779	18501507	8207	100561736	105847692	83226788	22631283
48	sglib_quick-rbtree	1	80	1122	2.751336898	32.66489285	936	949789693	232	8133	197	97086408	97081455	578600142	578600142	23507991	362570788	362644206	51992659	7381011	196780233	239768419	189497210	50271216
49	slre	1	80	527	2.707779886	15.01972272	432	443750182	308	10650	100	47574939	47571948	287060412	287060403	11358257	131028426	131062901	31588430	4821010	108409127	99696646	78483421	21213230
50	stanford	1	80	180	2.766666667	5.26050137	151	152110883	1861	66728	67567	17554124	14125377	94582929	94592692	5048814	54974213	54994341	11050174	1898386	43001546	27684074	20111511	7572562
51	whetstone	1	80	10870	2.702386437	312.7897699	8887	9259660739	1963815	69875140	315	1025198136	1006268124	6100046208	6100055939	453686661	3088913573	3089633527	930761548	114525791	3786921153	943529448	500385182	443147111
52	aha-compress	2	80	306	2.960655738	9.457915453	274	255562721	122	5347	32	23525536	23524565	155742791	155742811	1736756	156408655	156428647	8622196	299037	55501133	81137682	55070724	26066944
53	aha-mont	2	80	253	2.932806324	7.740388488	225	211139438	149	5240	29	26921375	26923640	117428483	117444428	4098381	115675329	115707314	7860015	86045	47833430	50233388	34865170	15368223
54	bubblesort	2	80	88	2.850746269	2.567038147	116	72038348	72	2517	35	5860405	5861611	44497556	44514734	1669017	25298502	25314020	2581321	525	17614539	21809223	17592101	4227152
55	ctl-stack	2	80	203	2.896551724	6.12882795	178	169272391	181	5975	78	12922763	12922590	102877243	102893819	1748881	72263410	72276679	6869166	1798178	30314997	53723252	41680923	12042316
56	ctl-string	2	80	189	2.740740741	5.403603642	157	157726809	132	4524	32	2513522	2512900	113295319	113315247	4088884	40955047	40967376	9611385	2723869	44974445	39027768	34320375	4707396
57	ctl-vector	2	80	150	2.94	4.588233678	134	124849896	196	6640	79	14858585	14859859	75065605	75082349	130913	62335943	62359395	4112122	1608372	24413316	38281024	27887887	10403916
58	dhrystone	2	80	1842	2.826181423	54.52147047	1577	1543325422	1349	47397	163	268117634	266057626	890856687	890856680	25262062	743632577	743752997	63524299	17001132	378548510	303522974	199518164	104004754
59	dtoa	2	80	154	2.896103896	4.645018973	135	128310838	478998	17522045	96	14602796	14603156	71329208	71344884	3360124	63167872	63177910	8321781	737314	38438756	18339655	11293001	7046653
60	edn	2	80	1382	2.798118669	40.44229615	1172	1156271079	217	7497	187	69009114	69006138	692363002	692379290	536832	468012916	468103232	18276873	49181	343241578	310448051	246583051	63865019
61	fasta	2	80	838	2.728143713	24.023482	690	704463827	238	8290	78	55234965	55234886	455305444	455308023	40498174	203451535	203506335	83408014	11242522	258549444	71914699	40359617	31555078
62	fir	2	80	4692	2.934926392	144.230381	4168	3931420737	72	2535	199	323490121	323487728	2085483627	2085498121	3014450	2482589867	2482914143	110573185	8213	617685698	1238114351	824342472	413783544
63	frac	2	80	1992	2.7	56.76400225	1628	1681896363	261	9324	42	151935971	151937391	1200310936	1200330673	75591142	457005999	457143599	170284091	18500726	817461311	137959355	73146334	64815024
64	huffbench	2	80	5375	2.771583069	157.0434993	4504	4532961715	267	9213	341	390277373	390272190	2996685331	2996704230	66229655	1758733286	1759095172	211191752	2539518	1233488337	1087774360	834751868	253031354
65	levenshtein	2	80	940	2.721748401	26.90306818	774	790758416	107	3688	51	55087075	55087517	494783260	494788760	4157494	193297063	193358527	24252516	8753170	246001741	174960551	142745469	32215064
66	ludcmp	2	80	361	2.780555556	10.5397642	303	303241967	220	7637	41	28353990	28355426	197374760	197374780	17616976	103795615	103819194	32989336	4468760	107758016	38568024	22269965	16298069
67	matmult_float	2	80	96	2.791666667	2.742228448	81	78583263	170	5866	128	6858845	6856883	52818672	52836986	4410906	25016002	25031860	8455554	1222231	31293583	8833356	4941414	3896797
68	miniz	2	80	13219	2.887364511	400.7616669	11543	11103874564	9111273	315868007	11145224	1750294411	1490702437	6437010809	6437026335	132818786	6428230821	6429111810	467583622	909327	2166263617	3042206108	2177525922	864685198
69	minver	2	80	154	2.798701299	4.516274081	131	129096280	265	9308	33	10081457	10082561	86599464	86618089	6491598	44101046	44120360	14419203	2085619	46477320	17642279	11016628	6630959
70	nbody	2	80	152	2.756578947	4.392803098	127	127485646	264	9276	50	11157053	11157986	93396090	93416358	5423403	31914413	31931345	13095008	1108539	65920039	9739969	5289321	4450655
71	ndes	2	80	760	2.824769433	22.44212393	650	635581047	191	6755	119	64403703	64402343	423200019	423218513	5377532	254381690	254441830	24411162	4036127	188518976	154036972	112336633	41709392
72	nettle-aes	2	80	678	2.75147929	19.99809961	564	581450122	309	10663	697	45088756	45071526	378361074	378361061	680126	155365376	155409786	4350340	53277	191275759	174686243	150544236	24141988
73	nettle-arcfour	2	80	392	2.841432225	11.63858585	337	327682237	80	2847	30	32096194	32097703	150786997	150799899	24625	152192124	152231266	4374486	20481	55173413	80423485	60647095	19784992
74	nettle-sha	2	80	92	2.793478261	2.660517286	78	76192246	398	13634	53	2893966	2893379	54700207	54720068	106501	20404165	20414610	516244	53277	32301466	21270615	18022415	3248200
75	newlib-exp	2	80	145	2.827586207	4.258128835	124	120473889	191	6649	24	12583935	12585899	77254664	77272496	7269225	43976793	43996370	13492364	1928522	42211793	14450766	7569429	6881329
76	newlib-log	2	80	108	2.833333333	3.189965	93	90069600	198	6968	24	9602600	9604745	57623357	57641157	5340444	33457231	33474667	9808050	1479847	31282467	11060619	5826585	5239029
77	picojpeg	2	80	17139	2.931935032	526.8308964	15207	14374967815	1034683	38126944	197	3142287985	3142287962	7954229035	7954245352	38551226	10313425892	10314565311	286901338	114469559	3894033154	2872476608	1851594055	1020890250
78	prime	2	80	201	2.691542289	5.665100879	164	168382296	83	2801	11	8882589	8883625	67647382	67658535	12315	32128108	32146533	3563829	1796502	30308128	21319358	15963458	5360302
79	qurt	2	80	262	2.748091603	7.519683916	218	218906354	260	9368	31	18575732	18576965	155892140	155912134	10490109	64284531	64310037	24715234	3085219	100474109	20222623	10499373	9727044
80	sglib_heap-arraybinsearch	2	80	197	2.796954315	5.751061416	167	164494969	75	2492	35	7871516	7871894	112813680	112832683	5927960	58737188	58759989	15837702	8203	35200965	41869093	32077287	9800513
81	sglib_heap-arrayheapsort	2	80	412	2.844660194	12.20821612	355	343330037	99	3362	61	15661220	15660808	234282991	234302096	12497853	123306695	123343261	18059156	8221	75162128	98553894	78000083	20553797
82	sglib_heap-arrayquicksort	2	80	410	2.846341463	12.21867245	354	343421128	99	3362	61	15665128	15664914	234345286	234364432	12501084	123329661	123356435	18059470	8221	75162121	98553888	78000083	20553817
83	sglib_heap-arraysort	2	80	410	2.843902439	12.19564885	353	343067995	99	3362	61	15648940	15648461	234104229	234123348	12488314	123212819	123249255	18045400	8209	75115664	98501003	77964408	20546137
84	sglib_heap-dllist	2	80	434	2.923963134	13.26841831	384	363025598	151	5205	117	38549182	38549615	218722581	218739327	8412216	184082473	184123465	25073730	1677942	43533821	115949454	85265896	30694314
85	sglib_heap-hashtable	2	80	295	2.918367347	8.997101451	260	246633830	131	4502	104	24413989	24414016	154424686	154442345	2646517	125467807	125500426	8967620	5285029	50590196	64392207	43477021	20925433
86	sglib_heap-listinsertsort	2	80	515	2.838521401	15.28621546	442	430821919	98	3387	93	11263266	11261309	262711676	262728789	11418825	179421389	179466468	23734268	2063020	57774366	147723402	117819109	29915155
87	sglib_heap-listsort	2	80	347	2.945244957	10.69077145	310	290387295	138	4811	95	33891813	33889262	174505536	174505533	7574582	146787746	146810461	21350505	831515	35168628	90375191	65912820	24462366
88	sglib_heap-queue	2	80	444	2.81981982	13.09808615	379	371600655	100	3390	61	16206172	16205790	245302212	245320312	11911355	135690443	135729567	18497259	8205	100538846	105823412	83207710	22626090
89	sglib_heap-rbtree	2	80	1134	2.788172992	33.10223233	957	949789914	232	8132	197	97086642	97081689	578600116	578600134	23508003	362570788	362644914	51992652	7381007	196780248	239768427	189497197	50271194
90	sglib_quick-arraybinsearch	2	80	198	2.792929293	5.736968629	168	164328360	75	2492	35	7863633	7863932	112699685	112718700	5921969	58677878	58700792	15821701	8195	35165434	41826848	32044954	9790622
91	sglib_quick-arrayheapsort	2	80	199	2.778894472	5.764029357	168	165937337	109	3797	65	3543510	3542330	117704227	117723923	5879462	42497460	42517861	11805720	8199	37825293	46162190	39080904	7090250
92	sglib_quick-arrayquicksort	2	80	200	2.78	5.78784192	168	166556602	141	4892	70	3554835	3552876	118039487	118039503	5894245	42598030	42611084	11829455	8221	37888547	46231657	39133186	7098473
93	sglib_quick-arraysort	2	80	199	2.778894472	5.769269587	167	166088195	109	3797	65	3546682	3545585	117811056	117830851	5884763	42536220	42555937	11816410	8207	37859579	46204040	39116314	7096598
94	sglib_quick-dllist	2	80	434	2.921658986	13.25513799	384	362948258	151	5205	117	38541769	38541205	218676011	218692282	8410310	184042765	184084157	25068038	1677530	43524517	115924589	85247588	30687666
95	sglib_quick-hashtable	2	80	296	2.918918919	9.011048412	262	246969475	131	4502	104	24447002	24447247	154634781	154651903	2650065	125637757	125671629	8979735	5292061	50651511	64463921	43520005	20943915
96	sglib_quick-listinsertsort	2	80	516	2.841085271	15.31153163	444	431145993	98	3387	93	11271393	11269460	262909651	262926807	11427452	179556323	179603217	23750763	2064407	57807209	147796953	117870514	29926429
97	sglib_quick-listsort	2	80	349	2.94269341	10.68151515	311	290387442	138	4811	95	33891962	33889411	174505534	174505528	7574581	146787746	146810541	21350490	831514	35168615	90375172	65912819	24462371
98	sglib_quick-queue	2	80	445	2.81981982	13.10769976	379	371873399	100	3390	61	16218127	16217748	245482267	245500385	11920093	135790007	135829216	18510840	8211	100612625	105901037	83268744	22642692
99	sglib_quick-rbtree	2	80	1134	2.787102473	33.07445127	956	949357308	202	7080	189	97060056	97056583	578426872	578446017	23502468	362497498	362584099	51984719	7380397	196757329	239753483	189490898	50271199
100	slre	2	80	533	2.740601504	15.18061954	442	443132488	276	9544	93	47520367	47520958	286760113	286778501	11347638	130916342	130958827	31565335	4817783	108343009	99642656	78445721	21204529
101	stanford	2	80	182	2.807692308	5.326244531	155	151761488	1853	66391	67567	17414678	14125174	94460774	94470521	5031376	54869407	54889669	11015298	1898349	42971650	27657236	20087514	7572513
102	whetstone	2	80	11052	2.736980346	316.8116404	9157	9260180208	1963801	69874615	315	1025407078	1006271300	6100220548	6100220589	453708557	3089040967	3089763267	930796906	114525902	3786952606	943556554	500409177	443147317
103	aha-compress	3	80	304	2.960526316	9.458814301	273	255598182	153	5347	32	23525472	23524501	155742816	155742800	1736755	156408655	156428529	8622198	299036	55501146	81137689	55070724	26066948
104	aha-mont	3	80	251	2.93625498	7.759612774	223	211415230	149	6279	34	26947391	26946228	117510748	117510739	4100151	115711756	115728199	7860323	86045	47833409	50233397	34865163	15368226
105	bubblesort	3	80	132	2.856060606	3.957179893	114	110843023	101	3563	40	9004466	9003207	68321790	68321773	2560617	38797484	38806108	3955674	797	26972708	33383021	26917631	6465392
106	ctl-stack	3	80	201	2.895522388	6.116639754	176	168995820	181	5975	78	12901264	12901409	102709159	102726269	1746091	72152138	72176029	6860903	1796316	30288864	53685264	41658418	12037645
107	ctl-string	3	80	188	2.739361702	5.398879879	156	157668259	132	4524	32	2512421	2511883	113253435	113273437	4087643	40948960	40967355	9611387	2723868	44974438	39027762	34320377	4707399
108	ctl-vector	3	80	149	2.939597315	4.587966552	133	124859729	196	6640	79	14859438	14860611	75071860	75088528	130923	62340815	62364602	4112399	1608468	24415082	38284074	27890101	10403916
109	dhrystone	3	80	1831	2.832148715	54.61272014	1570	1542651199	1265	44355	149	267887984	266056376	890675489	890685299	25239016	743499729	743627846	63486606	17001097	378516135	303493587	199491617	104004752
110	dtoa	3	80	153	2.941176471	4.713747316	136	128213927	478637	17509295	96	14591634	14592050	71275857	71291064	3358260	63143723	63167552	8321778	737313	38438751	18339657	11293001	7046657
111	edn	3	80	1371	2.797228301	40.42131168	1162	1156038974	217	7497	187	68994847	68992133	692224108	692240771	536717	467928538	468025951	18275715	49169	343218254	310436713	246579780	63865020
112	fasta	3	80	835	2.729016787	24.0365808	690	704622439	270	9460	79	55239687	55237371	455308048	455308070	40498184	203451535	203506158	83408011	11242522	258549459	71914699	40359615	31555085
113	fir	3	80	4661	2.934292463	144.21859	4141	3931948619	101	3583	203	323524701	323519843	2085682134	2085681881	3014711	2482774444	2483079349	110579794	8221	617713878	1238161972	824368299	413793531
114	frac	3	80	1991	2.700351936	56.76548983	1628	1681721233	261	9324	42	151920292	151921573	1200185308	1200205429	75583302	456957879	457096014	170266546	18498802	817377495	137944790	73138759	64809441
115	huffbench	3	80	5393	2.771402043	157.0550861	4522	4533592275	267	9214	345	390316089	390307582	2997052037	2997052056	66238427	1758881180	1759233833	211217589	2539540	1233572990	1087854935	834810861	253044081
116	levenshtein	3	80	948	2.764767932	27.32648068	794	790705950	107	3688	51	55083418	55083976	494750065	494767579	4157438	193297063	193358999	24252518	8753174	246001749	174960540	142745488	32215067
117	ludcmp	3	80	364	2.824175824	10.69307448	311	302901098	220	7637	41	28322324	28323662	197168839	197186863	17601789	103714800	103747906	32970012	4466561	107714917	38556128	22265185	16295942
118	matmult_float	3	80	96	2.791666667	2.761983294	81	79149372	170	5866	128	6911661	6908416	53156025	53156015	4436348	25167704	25173976	8491878	1227986	31413973	8869360	4959926	3909439
119	miniz	3	80	13301	2.890978858	401.2541617	11644	11103620785	9110871	315856441	11145101	1750268086	1490677300	6436861656	6436877339	132816562	6428089329	6428968211	467572529	909275	2166210486	3042132470	2177475694	864667712
120	minver	3	80	156	2.801282051	4.536937677	133	129567465	265	9308	38	10115262	10114014	86849378	86849369	6507528	44201214	44211406	14445048	2088967	46541109	17662772	11026983	6635789
121	nbody	3	80	154	2.75974026	4.389923592	129	127256138	264	9276	50	11137112	11138043	93227860	93248281	5413631	31856963	31873815	13073750	1106976	65841631	9730520	5285330	4448282
122	ndes	3	80	758	2.830911493	22.50164707	649	635884156	191	6755	119	64434882	64433435	423401831	423420304	5380098	254503284	254563140	24422832	4038017	188608807	154110213	112389979	41729312
123	nettle-aes	3	80	700	2.756795422	20.0367482	584	581450420	309	10663	697	45089076	45071846	378361046	378361071	680126	155365376	155411084	4350336	53277	191275733	174686235	150544240	24141999
124	nettle-arcfour	3	80	392	2.846938776	11.65973832	338	327642826	80	2847	30	32092224	32093684	150768674	150781596	24622	152173626	152212730	4373954	20480	55166712	80413741	60639726	19782588
125	nettle-sha	3	80	91	2.802197802	2.65933836	77	75921503	398	13634	53	2883749	2883016	54506577	54526604	106131	20331845	20345438	514695	53134	32229531	21230900	17995370	3244512
126	newlib-exp	3	80	144	2.833333333	4.273796494	124	120671901	191	6649	24	12604475	12606423	77381487	77390494	7278641	44024788	44034234	13500519	1929245	42217815	14450762	7569426	6881338
127	newlib-log	3	80	108	2.842592593	3.202760835	93	90136331	198	6968	24	9609779	9611918	57665791	57683582	5344374	33481867	33499305	9815265	1480935	31305454	11068746	5830864	5242869
128	picojpeg	3	80	17097	2.942960881	528.8069607	15228	14374828130	1034681	38126943	197	3142256830	3142257479	7954152234	7954167794	38550718	10313327062	10314463950	286898424	114468444	3893995284	2872448861	1851575974	1020880331
129	prime	3	80	201	2.701492537	5.688388373	165	168451722	83	2801	11	8886244	8887275	67675341	67686527	12321	32141356	32159829	3565305	1797247	30320647	21328161	15970049	5361720
130	qurt	3	80	261	2.766283525	7.57791345	219	219150738	260	9368	31	18596386	18597532	156065923	156085626	10501781	64356117	64381228	24742747	3088411	100565317	20238424	10506264	9732159
131	sglib_heap-arraybinsearch	3	80	196	2.806122449	5.764807356	167	164349417	75	2492	35	7864486	7864923	112713927	112733095	5922741	58685402	58707982	15823735	8197	35169897	41832149	32048985	9791877
132	sglib_heap-arrayheapsort	3	80	407	2.862407862	12.27980673	353	343202152	99	3362	61	15655237	15654750	234195848	234214674	12493128	123260261	123297510	18052453	8211	75144953	98539379	77994959	20553805
133	sglib_heap-arrayquicksort	3	80	408	2.862407862	12.29511703	353	343630052	131	4457	66	15670403	15668603	234382162	234382161	12501087	123329661	123356317	18059476	8221	75162136	98553896	78000087	20553799
134	sglib_heap-arraysort	3	80	408	2.862407862	12.29511896	353	343630106	131	4457	66	15670457	15668657	234382144	234382158	12501092	123329661	123356355	18059476	8221	75162130	98553890	78000096	20553804
135	sglib_heap-dllist	3	80	433	2.94212963	13.36294896	385	363354458	151	5205	117	38584144	38584141	218920418	218937406	8420158	184249183	184291466	25096730	1679375	43569510	116036612	85323760	30712863
136	sglib_heap-hashtable	3	80	294	2.93877551	9.07080469	262	246927461	131	4502	104	24443071	24443110	154608524	154625826	2649674	125617237	125649117	8978348	5291331	50650403	64463922	43519993	20943918
137	sglib_heap-listinsertsort	3	80	512	2.859375	15.39617019	444	430756237	98	3387	93	11260905	11259483	262672277	262689175	11417204	179396117	179440711	23730793	2062573	57765949	147700833	117801990	29910428
138	sglib_heap-listsort	3	80	344	2.965116279	10.75234735	309	290102548	108	3722	91	33870754	33871069	174427437	174444161	7572723	146764317	146799623	21350507	831513	35168629	90375196	65912829	24462368
139	sglib_heap-queue	3	80	441	2.842824601	13.21145141	378	371783793	100	3390	61	16214186	16213822	245422905	245441080	11917213	135757199	135796148	18506371	8209	100588357	105875469	83248653	22637233
140	sglib_heap-rbtree	3	80	1129	2.809397163	33.35421766	960	949790029	232	8132	197	97086752	97081799	578600087	578600127	23507997	362570788	362644657	51992660	7381017	196780241	239768418	189497204	50271218
141	sglib_quick-arraybinsearch	3	80	197	2.817258883	5.810372827	168	164993650	75	3583	40	7891868	7890670	113066605	113066596	5939236	58840114	58853009	15859813	8221	35238244	41906226	32100341	9805880
142	sglib_quick-arrayheapsort	3	80	198	2.797979798	5.825573954	168	166565147	141	4892	70	3554895	3552936	118039488	118039489	5894243	42598030	42610966	11829452	8221	37888541	46231654	39133181	7098474
143	sglib_quick-arrayquicksort	3	80	198	2.803030303	5.829260653	168	166370250	109	3797	65	3552535	3551410	118011240	118031013	5894248	42598030	42610966	11829451	8221	37888550	46231667	39133177	7098472
144	sglib_quick-arraysort	3	80	198	2.797979798	5.807967701	168	166061748	109	3797	65	3546146	3544822	117792174	117811877	5883863	42529146	42549390	11814538	8205	37853519	46196657	39110074	7095536
145	sglib_quick-dllist	3	80	433	2.946882217	13.36997589	387	362959220	151	5205	117	38542452	38542187	218682717	218698763	8410567	184047835	184091058	25068817	1677532	43525311	115928151	85250267	30688621
146	sglib_quick-hashtable	3	80	291	2.944827586	9.082846131	259	246747108	131	4502	104	24425125	24425137	154495901	154513259	2647743	125525761	125557422	8971819	5287478	50613493	64421917	43496867	20935103
147	sglib_quick-listinsertsort	3	80	512	2.873046875	15.47208531	446	430820268	98	3387	93	11262964	11261024	262710893	262728013	11418788	179420897	179465505	23734193	2063009	57774213	147723045	117818738	29915079
148	sglib_quick-listsort	3	80	344	2.979591837	10.80364755	310	290070537	108	3722	91	33866165	33867916	174408025	174425214	7571613	146745981	146784657	21348838	831513	35168629	90375194	65912817	24462367
149	sglib_quick-queue	3	80	442	2.854875283	13.27855991	381	372094991	100	3390	61	16227729	16227550	245628359	245646729	11927526	135862859	135891749	18518122	8221	100634931	105918466	83275735	22642725
150	sglib_quick-rbtree	3	80	1128	2.818262411	33.4564175	963	949703402	202	7080	189	97086732	97081779	578600111	578600108	23508006	362570788	362644560	51992665	7381017	196780237	239768381	189497206	50271209
151	slre	3	80	527	2.770398482	15.36177031	443	443597422	276	9544	93	47570120	47569783	287060413	287060416	11358253	131028426	131062901	31588426	4821016	108409103	99696638	78483424	21213236
152	stanford	3	80	181	2.834254144	5.399625041	155	152410469	1939	69473	67595	17633980	14125442	94633229	94633210	5053180	54995266	55007085	11050542	1898384	43001511	27684168	20111605	7572549
153	whetstone	3	80	11001	2.767761303	320.3670733	9220	9259962498	1963854	69876734	315	1025318859	1006269108	6100151160	6100160807	453701614	3089004830	3089732449	930791521	114525815	3786951076	943555762	500408457	443147264
154	aha-compress	4	80	297	2.97972973	9.514204545	267	255438054	122	4232	27	23519425	23521866	155739479	155742823	1736758	156408655	156428116	8622196	299037	55501140	81137662	55070728	26066947
155	aha-mont	4	80	253	2.928853755	7.741028021	224	211441845	177	6279	34	26947579	26946416	117510749	117510748	4100150	115711756	115728279	7860325	86045	47833412	50233391	34865159	15368224
156	bubblesort	4	80	130	2.876923077	3.966211886	113	110290384	72	2517	35	8967483	8968657	68076401	68093565	2552661	38686518	38704744	3946384	789	26923283	33330444	26882031	6458443
157	ctl-stack	4	80	200	2.915	6.175903592	177	169493066	214	7186	82	12932050	12929622	102917049	102917043	1749082	72263410	72276502	6869168	1798177	30314996	53723245	41680931	12042317
158	ctl-string	4	80	186	2.756756757	5.436406855	155	157762395	132	4524	32	2513963	2513304	113321073	113327765	4088890	40955047	40967237	9611386	2723867	44974448	39027757	34320383	4707393
159	ctl-vector	4	80	147	2.959183673	4.620730832	132	124919068	196	6640	79	14866522	14867783	75107761	75124351	130988	62370689	62394364	4114355	1609250	24426777	38297702	27893797	10403916
160	dhrystone	4	80	1640	2.846389229	54.90244995	1409	1543076383	1258	44154	149	268055855	266053136	890825762	890835529	25260444	743628275	743741195	63524329	17001144	378548676	303523029	199518167	104004840
161	dtoa	4	80	151	2.913907285	4.656221142	133	127834435	477230	17457878	96	14548745	14549073	71064689	71080713	3348380	62957300	62980904	8297967	735349	38344932	18299048	11270625	7034138
162	edn	4	80	1358	2.814296242	40.66146979	1157	1155854716	217	7497	187	68984504	68981221	692114977	692131973	536632	467857168	467961779	18272111	49161	343164586	310385979	246540213	63854663
163	fasta	4	80	829	2.745476478	24.18138688	690	704617565	270	9460	79	55239601	55237285	455308060	455308077	40498189	203451535	203505804	83408018	11242516	258549445	71914709	40359611	31555088
164	fir	4	80	4619	2.953796095	145.1734363	4126	3931847199	72	2535	199	323523650	323519096	2085682180	2085681883	3014711	2482774444	2483076871	110579806	8221	617713896	1238161915	824368284	413793548
165	frac	4	80	1937	2.720725389	57.20336196	1591	1682003254	261	9324	42	151944750	151945866	1200387485	1200407296	75596060	457035435	457170316	170295001	18501655	817487347	137961372	73146343	64815014
166	huffbench	4	80	5339	2.792112676	158.2177173	4505	4533276000	267	9213	341	390306865	390299313	2996903482	2996923203	66235327	1758839925	1759198271	211212442	2539527	1233569202	1087855015	834810909	253044048
167	levenshtein	4	80	931	2.739504844	27.07639495	771	790694567	107	3688	51	55082303	55082834	494743593	494761084	4157373	193297063	193357996	24252519	8753177	246001730	174960555	142745483	32215086
168	ludcmp	4	80	357	2.801120448	10.5978091	303	302673428	220	7637	41	28300970	28302370	197020796	197038839	17588574	103636746	103669671	32945276	4463211	107633948	38527177	22248432	16283746
169	matmult_float	4	80	94	2.808510638	2.775487152	80	79059331	170	5866	128	6902361	6901772	53131262	53148424	4436345	25167704	25173858	8491878	1227987	31413980	8869365	4959925	3909438
170	miniz	4	80	12995	2.921689533	405.5339856	11487	11104095245	9111588	315878734	11145469	1750324115	1490722790	6437144452	6437151819	132821232	6428326442	6429176787	467587370	909342	2166271922	3042211219	2177526038	864685231
171	minver	4	80	154	2.850649351	4.61472271	133	129506569	265	9308	33	10113430	10113931	86849378	86849384	6507531	44201214	44211288	14445042	2088969	46541121	17662773	11026979	6635792
172	nbody	4	80	151	2.80794702	4.467656761	129	127286070	264	9276	50	11139768	11140766	93249904	93270417	5414910	31864619	31881404	13076818	1107239	65857275	9732769	5286596	4449334
173	ndes	4	80	745	2.889784946	22.98578549	651	636332071	223	7851	121	64469044	64465557	423597168	423597155	5382239	254587183	254635964	24428765	4038685	188637686	154128625	112398437	41730202
174	nettle-aes	4	80	683	2.805270864	20.38906112	581	581450052	309	10663	697	45088691	45071461	378361058	378361100	680126	155365376	155410081	4350339	53277	191275725	174686214	150544254	24141989
175	nettle-arcfour	4	80	387	2.901808786	11.88180977	340	327569751	80	2847	30	32085412	32086022	150735172	150748112	24618	152139536	152178351	4373097	20475	55154482	80396059	60626292	19778170
176	nettle-sha	4	80	90	2.866666667	2.731696797	78	76233399	398	13634	53	2895629	2894902	54729849	54749856	106565	20408574	20414454	516243	53277	32301460	21270617	18022419	3248199
177	newlib-exp	4	80	143	2.874125874	4.32636998	125	120422561	191	6649	24	12578511	12580453	77221813	77239646	7266139	43958139	43977622	13486659	1927708	42193859	14445933	7568625	6881332
178	newlib-log	4	80	107	2.878504673	3.252977621	93	90407430	198	6968	24	9638709	9640841	57839116	57844390	5357621	33555687	33562684	9830507	1482778	31334757	11075671	5832730	5242938
179	picojpeg	4	80	17167	2.92404031	525.422278	15211	14375240348	1034681	38126925	197	3142348174	3142349800	7954379733	7954394859	38551865	10313605086	10314727081	286904975	114470842	3894069517	2872498458	1851604471	1020894061
180	prime	4	80	200	2.737373737	5.777913327	164	168860050	113	3853	16	8902787	8902152	67777183	67777194	12344	32174946	32188038	3567735	1798172	30331233	21332053	15970326	5361728
181	qurt	4	80	259	2.795366795	7.659845503	220	219215468	260	9368	31	18601964	18603131	156111915	156131664	10504871	64374897	64393897	24744033	3088404	100565316	20238424	10506268	9732159
182	sglib_heap-arraybinsearch	4	80	194	2.845360825	5.849192527	167	164455558	75	2492	35	7869507	7869885	112786700	112805703	5926536	58723082	58745748	15833915	8203	35192569	41859086	32069636	9798166
183	sglib_heap-arrayheapsort	4	80	407	2.899014778	12.43513651	357	343154829	99	3362	61	15653247	15652771	234163323	234182472	12491473	123243869	123280090	18049952	8211	75134630	98525844	77984051	20551298
184	sglib_heap-arrayquicksort	4	80	406	2.903940887	12.4663123	357	343431572	99	3362	61	15665557	15665578	234352425	234371506	12501087	123329661	123356237	18059473	8221	75162137	98553903	78000087	20553800
185	sglib_heap-arraysort	4	80	408	2.901960784	12.46361552	359	343591563	99	4457	66	15670605	15668805	234382161	234382164	12501089	123329661	123356355	18059474	8221	75162125	98553902	78000088	20553805
186	sglib_heap-dllist	4	80	429	2.978922717	13.53489097	386	363484179	151	5205	117	38598561	38598079	218999075	219015146	8422455	184292867	184320914	25098342	1679388	43569508	116036605	85323764	30712848
187	sglib_heap-hashtable	4	80	292	2.972413793	9.181433456	261	247110506	131	4502	104	24461062	24461059	154723190	154734230	2651201	125678212	125697302	8980614	5292059	50651516	64463924	43520001	20943907
188	sglib_heap-listinsertsort	4	80	509	2.889546351	15.58020525	444	431353669	98	3387	97	11275937	11273425	262979045	262979051	11428918	179571873	179605172	23750765	2064403	57807205	147796952	117870531	29926434
189	sglib_heap-listsort	4	80	344	2.994186047	10.85923113	312	290141787	108	3722	91	33874316	33876039	174450966	174468168	7573482	146782089	146810246	21350511	831515	35168625	90375200	65912818	24462375
190	sglib_heap-queue	4	80	440	2.865909091	13.31372656	382	371644072	100	3390	61	16208086	16207750	245331142	245349474	11913032	135706175	135745239	18499732	8207	100551750	105836938	83216960	22628669
191	sglib_heap-rbtree	4	80	1120	2.832886506	33.61389065	961	949247789	202	7080	189	97041227	97040850	578360828	578375697	23499248	362459998	362541533	51979008	7379358	196738463	239726542	189467988	50266646
192	sglib_quick-arraybinsearch	4	80	194	2.840206186	5.83434299	167	164335759	75	2492	35	7863816	7864213	112704574	112723580	5922226	58680356	58703016	15822395	8197	35166979	41828655	32046314	9791037
193	sglib_quick-arrayheapsort	4	80	199	2.824120603	5.859475119	170	165983708	109	3797	65	3544531	3543243	117737013	117756723	5881112	42509082	42529589	11809018	8201	37835801	46175057	39091796	7092194
194	sglib_quick-arrayquicksort	4	80	200	2.819095477	5.858675654	170	166256892	109	3797	65	3550194	3549037	117930557	117950339	5890755	42579246	42599014	11828386	8221	37888542	46231651	39133186	7098466
195	sglib_quick-arraysort	4	80	200	2.82	5.856957969	171	166154836	109	3797	65	3548095	3546928	117858224	117877907	5887077	42552750	42573130	11821103	8209	37874703	46222499	39131987	7098470
196	sglib_quick-dllist	4	80	436	2.967889908	13.46717237	392	363010025	151	5205	117	38547434	38548127	218713223	218729934	8412061	184074769	184116605	25073007	1677892	43532005	115943954	85262375	30693116
197	sglib_quick-hashtable	4	80	297	2.962962963	9.136097592	267	246674635	131	4502	104	24417788	24418000	154450444	154467421	2646927	125488363	125521538	8969089	5285927	50599095	64403208	43483712	20929020
198	sglib_quick-listinsertsort	4	80	519	2.888246628	15.57527307	454	431411166	129	4502	97	11275967	11273455	262979023	262979018	11428919	179571873	179605780	23750763	2064404	57807192	147796938	117870508	29926416
199	sglib_quick-listsort	4	80	349	2.99713467	10.86878081	317	290111243	108	3722	91	33871610	33871805	174432403	174449151	7572782	146768199	146803546	21350490	831513	35168621	90375187	65912822	24462368
200	sglib_quick-queue	4	80	445	2.876404494	13.37516771	388	371996852	100	3390	61	16223677	16223503	245563324	245581850	11924330	135834755	135873988	18517173	8221	100634928	105918449	83275724	22642733
201	sglib_quick-rbtree	4	80	1142	2.8441331	33.75478877	984	949457359	202	7080	189	97062297	97061138	578489922	578505189	23504533	362541973	362624836	51990357	7380940	196780255	239768411	189497212	50271209
202	slre	4	80	533	2.796992481	15.49347985	451	443146843	276	9544	93	47521880	47521984	286769917	286787562	11347984	130920440	130962817	31566265	4817936	108346787	99645960	78448364	21205256
203	stanford	4	80	183	2.857923497	5.437300803	159	152202837	1854	66441	67567	17590964	14125342	94615371	94625100	5053175	54995328	55007303	11050546	1898384	43001701	27684166	20111579	7572565
204	whetstone	4	80	10957	2.790627569	323.0253698	9257	9260293229	1963963	69881303	359	1025415424	1006268625	6100218326	6100218342	453708332	3089041239	3089757970	930796473	114525864	3786951365	943556120	500408873	443147256
