#Timestamp	Benchmark	Run(#)	CPU Frequency(MHz)	Current[A]	Power[W]	Energy[J]	time
1	use_case_opt	1	80	0.853258436	2.81575284	0.00521794	148250
2	use_case_opt	1	80	0.951980903	3.141536978	0.0344273	876700
3	use_case_opt	1	80	0.948930489	3.131470615	0.0325701	832072
4	use_case_opt	1	80	0.952535523	3.143367226	0.0328847	836929
5	use_case_opt	1	80	0.794745964	2.62266168	0.0297279	906799
6	use_case_opt	1	80	0.790031689	2.607104572	0.027961	857992
7	use_case_opt	1	80	0.786981275	2.597038208	0.0259099	798137
8	use_case_opt	1	80	0.788090516	2.600698704	0.0263311	809968
9	use_case_opt	1	80	0.783376241	2.585141597	0.0271463	840071
10	use_case_opt	1	80	0.786426655	2.59520796	0.0266762	822322
11	use_case_opt	1	80	0.786149344	2.594292836	0.026348	812492
12	use_case_opt	1	80	0.789199758	2.6043592	0.0272659	837548
13	use_case_opt	1	80	0.785872034	2.593377712	0.0278081	857819
14	use_case_opt	1	80	0.785872034	2.593377712	0.0278814	860080
15	use_case_opt	1	80	0.785317413	2.591547464	0.0269543	832067
16	use_case_opt	1	80	0.788922447	2.603444076	0.0282416	867824
17	use_case_opt	1	80	0.788645137	2.602528952	0.0267487	822235
18	use_case_opt	1	80	0.786426655	2.59520796	0.0259707	800572
19	use_case_opt	1	80	0.787535896	2.598868456	0.0281923	867833
20	use_case_opt	1	80	0.936174216	3.089374911	0.0327297	847543
21	use_case_opt	1	80	0.79114093	2.610765068	0.0268844	823802
22	use_case_opt	1	80	0.788367827	2.601613828	0.026544	816232
23	use_case_opt	1	80	0.785317413	2.591547464	0.0261116	806054
24	use_case_opt	1	80	0.788922447	2.603444076	0.0273356	839983
25	use_case_opt	1	80	0.785317413	2.591547464	0.0274728	848075
26	use_case_opt	1	80	0.789477068	2.605274324	0.0275447	845812
27	use_case_opt	1	80	0.793359412	2.61808606	0.0267605	817711
28	use_case_opt	1	80	0.788645137	2.602528952	0.0275864	847988
29	use_case_opt	1	80	0.789477068	2.605274324	0.0275022	844507
30	use_case_opt	1	80	0.784762793	2.589717216	0.0272507	841811
31	use_case_opt	1	80	0.786981275	2.597038208	0.027709	853556
32	use_case_opt	1	80	0.788367827	2.601613828	0.0272004	836416
33	use_case_opt	1	80	0.788367827	2.601613828	0.0289432	890009
34	use_case_opt	1	80	0.786426655	2.59520796	0.0288835	890362
35	use_case_opt	1	80	0.851039954	2.808431848	0.0307064	874691
36	use_case_opt	1	80	0.789199758	2.6043592	0.0279598	858862
37	use_case_opt	1	80	0.788922447	2.603444076	0.0266873	820061
38	use_case_opt	1	80	0.783930862	2.586971845	0.0262062	810404
39	use_case_opt	1	80	0.786703965	2.596123084	0.0284841	877742
40	use_case_opt	1	80	0.786981275	2.597038208	0.026102	804052
41	use_case_opt	1	80	0.787535896	2.598868456	0.0269713	830245
42	use_case_opt	1	80	0.787535896	2.598868456	0.0267759	824231
43	use_case_opt	1	80	0.787535896	2.598868456	0.0267167	822409
44	use_case_opt	1	80	0.788645137	2.602528952	0.0274194	842854
45	use_case_opt	1	80	0.788367827	2.601613828	0.0266204	818582
46	use_case_opt	1	80	0.793359412	2.61808606	0.0268288	819800
47	use_case_opt	1	80	0.788645137	2.602528952	0.0271449	834416
48	use_case_opt	1	80	0.784762793	2.589717216	0.0271183	837721
49	use_case_opt	1	80	0.786981275	2.597038208	0.0280422	863821
50	use_case_opt	1	80	0.783376241	2.585141597	0.0266431	824498
51	use_case_opt	1	80	0.790308999	2.608019696	0.0269866	827803
52	use_case_opt	1	80	0.787535896	2.598868456	0.0287149	883919
53	use_case_opt	1	80	0.786149344	2.594292836	0.0267204	823975
54	use_case_opt	1	80	0.79114093	2.610765068	0.0274239	840332
55	use_case_opt	1	80	0.789754378	2.606189448	0.0273163	838504
56	use_case_opt	1	80	0.786703965	2.596123084	0.0279505	861299
57	use_case_opt	1	80	0.788645137	2.602528952	0.0273883	841897
58	use_case_opt	1	80	0.787258586	2.597953332	0.0279956	862081
59	use_case_opt	1	80	0.785317413	2.591547464	0.0277631	857036
60	use_case_opt	1	80	0.790586309	2.60893482	0.02806	860428
61	use_case_opt	1	80	0.787813206	2.59978358	0.0269268	828587
62	use_case_opt	1	80	0.788090516	2.600698704	0.0277367	853207
63	use_case_opt	1	80	0.789477068	2.605274324	0.0269867	828677
64	use_case_opt	1	80	0.93090532	3.071987556	0.0311025	809964
65	use_case_opt	1	80	0.789477068	2.605274324	0.0267145	820322
66	use_case_opt	1	80	0.790308999	2.608019696	0.0263456	808141
67	use_case_opt	1	80	0.788645137	2.602528952	0.0273204	839810
68	use_case_opt	1	80	0.786149344	2.594292836	0.0270646	834589
69	use_case_opt	1	80	0.785317413	2.591547464	0.0272502	841202
70	use_case_opt	1	80	0.786149344	2.594292836	0.0263396	812231
71	use_case_opt	1	80	0.789754378	2.606189448	0.027577	846508
72	use_case_opt	1	80	0.789754378	2.606189448	0.0268515	824237
73	use_case_opt	1	80	0.790586309	2.60893482	0.0261251	801094
74	use_case_opt	1	80	0.790586309	2.60893482	0.0272259	834851
75	use_case_opt	1	80	0.786149344	2.594292836	0.0276684	853207
76	use_case_opt	1	80	0.790586309	2.60893482	0.0280799	861038
77	use_case_opt	1	80	0.793082102	2.617170936	0.0282824	864517
78	use_case_opt	1	80	0.786149344	2.594292836	0.0269182	830074
79	use_case_opt	1	80	0.788367827	2.601613828	0.0279244	858680
80	use_case_opt	1	80	0.783098931	2.584226473	0.0272013	842071
81	use_case_opt	1	80	0.789477068	2.605274324	0.0275419	845726
82	use_case_opt	1	80	0.790863619	2.609849944	0.0265514	813883
83	use_case_opt	1	80	0.785594724	2.592462588	0.0267862	826586
84	use_case_opt	1	80	0.787813206	2.59978358	0.0277383	853555
85	use_case_opt	1	80	0.789754378	2.606189448	0.0268515	824237
86	use_case_opt	1	80	0.784762793	2.589717216	0.0273126	843724
87	use_case_opt	1	80	0.790863619	2.609849944	0.0267558	820148
88	use_case_opt	1	80	0.791972861	2.61351044	0.0288141	882005
89	use_case_opt	1	80	0.786981275	2.597038208	0.0275508	848684
90	use_case_opt	1	80	0.789754378	2.606189448	0.0262988	807272
91	use_case_opt	1	80	0.788645137	2.602528952	0.0267458	822148
92	use_case_opt	1	80	0.793914033	2.619916308	0.0266482	813709
93	use_case_opt	1	80	0.938115388	3.095780779	0.0319093	824588
94	use_case_opt	1	80	0.789199758	2.6043592	0.026943	827627
95	use_case_opt	1	80	0.789754378	2.606189448	0.0277839	852859
96	use_case_opt	1	80	0.789477068	2.605274324	0.0274569	843116
97	use_case_opt	1	80	0.786981275	2.597038208	0.0276638	852163
98	use_case_opt	1	80	0.787813206	2.59978358	0.0276139	849728
99	use_case_opt	1	80	0.790031689	2.607104572	0.0279666	858166
100	use_case_opt	1	80	0.790863619	2.609849944	0.02826	866258
101	use_case_opt	1	80	0.794191343	2.620831432	0.026552	810491
102	use_case_opt	1	80	0.789199758	2.6043592	0.0265494	815538
103	use_case_opt	1	80	0.784762793	2.589717216	0.027766	857730
104	use_case_opt	1	80	0.788922447	2.603444076	0.0279274	858167
105	use_case_opt	1	80	0.786426655	2.59520796	0.0265379	818060
106	use_case_opt	1	80	0.786149344	2.594292836	0.0275753	850336
107	use_case_opt	1	80	0.785040103	2.59063234	0.0272575	841723
108	use_case_opt	1	80	0.79141824	2.611680192	0.0273653	838243
109	use_case_opt	1	80	0.788922447	2.603444076	0.0267977	823453
110	use_case_opt	1	80	0.79169555	2.612595316	0.028679	878177
111	use_case_opt	1	80	0.789754378	2.606189448	0.0273049	838156
112	use_case_opt	1	80	0.789199758	2.6043592	0.0263738	810143
113	use_case_opt	1	80	0.788367827	2.601613828	0.0275711	847814
114	use_case_opt	1	80	0.789199758	2.6043592	0.0287104	881917
115	use_case_opt	1	80	0.794745964	2.62266168	0.0272465	831110
116	use_case_opt	1	80	0.788090516	2.600698704	0.0268826	826934
117	use_case_opt	1	80	0.79114093	2.610765068	0.028145	862429
118	use_case_opt	1	80	0.787813206	2.59978358	0.0270852	833458
119	use_case_opt	1	80	0.789754378	2.606189448	0.0271066	832067
120	use_case_opt	1	80	0.786981275	2.597038208	0.0274971	847030
121	use_case_opt	1	80	0.79169555	2.612595316	0.0269658	825716
122	use_case_opt	1	80	0.927577596	3.061006068	0.0310548	811623
123	use_case_opt	1	80	0.788922447	2.603444076	0.0279811	859818
124	use_case_opt	1	80	0.790586309	2.60893482	0.0286564	878715
125	use_case_opt	1	80	0.786981275	2.597038208	0.0271605	836661
126	use_case_opt	1	80	0.786981275	2.597038208	0.0268956	828499
127	use_case_opt	1	80	0.787813206	2.59978358	0.0287985	886180
128	use_case_opt	1	80	0.791972861	2.61351044	0.0278478	852425
129	use_case_opt	1	80	0.79114093	2.610765068	0.027103	830500
130	use_case_opt	1	80	0.790863619	2.609849944	0.0289412	887138
131	use_case_opt	1	80	0.787535896	2.598868456	0.0271406	835460
132	use_case_opt	1	80	0.790031689	2.607104572	0.027788	852685
133	use_case_opt	1	80	0.785872034	2.593377712	0.0277066	854687
134	use_case_opt	1	80	0.787535896	2.598868456	0.0267365	823018
135	use_case_opt	1	80	0.790586309	2.60893482	0.0276572	848075
136	use_case_opt	1	80	0.787258586	2.597953332	0.028394	874348
137	use_case_opt	1	80	0.790031689	2.607104572	0.0265802	815623
138	use_case_opt	1	80	0.789477068	2.605274324	0.0282077	866171
139	use_case_opt	1	80	0.787258586	2.597953332	0.0269248	829108
140	use_case_opt	1	80	0.793082102	2.617170936	0.0281828	861473
141	use_case_opt	1	80	0.785872034	2.593377712	0.0265164	817972
142	use_case_opt	1	80	0.790863619	2.609849944	0.0268069	821714
143	use_case_opt	1	80	0.786149344	2.594292836	0.0276233	851816
144	use_case_opt	1	80	0.785040103	2.59063234	0.0274744	848423
145	use_case_opt	1	80	0.79141824	2.611680192	0.0266979	817798
146	use_case_opt	1	80	0.785317413	2.591547464	0.0290934	898099
147	use_case_opt	1	80	0.788090516	2.600698704	0.0282741	869737
148	use_case_opt	1	80	0.788922447	2.603444076	0.0270072	829892
149	use_case_opt	1	80	0.790308999	2.608019696	0.0260762	799877
150	use_case_opt	1	80	0.785040103	2.59063234	0.0277364	856513
151	use_case_opt	1	80	0.935619595	3.087544663	0.0334934	867831
152	use_case_opt	1	80	0.788645137	2.602528952	0.028305	870078
153	use_case_opt	1	80	0.786981275	2.597038208	0.0266725	821626
154	use_case_opt	1	80	0.787813206	2.59978358	0.026777	823976
155	use_case_opt	1	80	0.789477068	2.605274324	0.0293041	899839
156	use_case_opt	1	80	0.787813206	2.59978358	0.0266639	820495
157	use_case_opt	1	80	0.787535896	2.598868456	0.0272961	840245
158	use_case_opt	1	80	0.788090516	2.600698704	0.0267949	824236
159	use_case_opt	1	80	0.79114093	2.610765068	0.0264216	809621
160	use_case_opt	1	80	0.790863619	2.609849944	0.0288788	885224
161	use_case_opt	1	80	0.79169555	2.612595316	0.0272925	835720
162	use_case_opt	1	80	0.786426655	2.59520796	0.0266198	820583
163	use_case_opt	1	80	0.790586309	2.60893482	0.0276713	848510
164	use_case_opt	1	80	0.786426655	2.59520796	0.0264081	814057
165	use_case_opt	1	80	0.792250171	2.614425564	0.0275817	843986
166	use_case_opt	1	80	0.787535896	2.598868456	0.0283446	872522
167	use_case_opt	1	80	0.789199758	2.6043592	0.0271923	835286
168	use_case_opt	1	80	0.790308999	2.608019696	0.0260166	798049
169	use_case_opt	1	80	0.786703965	2.596123084	0.0259036	798224
170	use_case_opt	1	80	0.788367827	2.601613828	0.0262809	808141
171	use_case_opt	1	80	0.786981275	2.597038208	0.0282569	870434
172	use_case_opt	1	80	0.785872034	2.593377712	0.0275571	850076
173	use_case_opt	1	80	0.789754378	2.606189448	0.0285152	875305
174	use_case_opt	1	80	0.789199758	2.6043592	0.0272773	837895
175	use_case_opt	1	80	0.788367827	2.601613828	0.0266176	818494
176	use_case_opt	1	80	0.790031689	2.607104572	0.0275612	845725
177	use_case_opt	1	80	0.79141824	2.611680192	0.026607	815015
178	use_case_opt	1	80	0.788367827	2.601613828	0.0281935	866953
179	use_case_opt	1	80	0.791972861	2.61351044	0.0275039	841898
180	use_case_opt	1	80	0.936728836	3.091205159	0.0317615	821982
181	use_case_opt	1	80	0.788090516	2.600698704	0.0272585	838497
182	use_case_opt	1	80	0.790031689	2.607104572	0.0275612	845725
183	use_case_opt	1	80	0.786426655	2.59520796	0.0262783	810056
184	use_case_opt	1	80	0.788645137	2.602528952	0.0269355	827977
185	use_case_opt	1	80	0.786426655	2.59520796	0.0270544	833980
186	use_case_opt	1	80	0.792250171	2.614425564	0.0288924	884093
187	use_case_opt	1	80	0.788090516	2.600698704	0.0286163	880264
188	use_case_opt	1	80	0.792527481	2.615340688	0.0266812	816145
189	use_case_opt	1	80	0.793082102	2.617170936	0.0266743	815363
190	use_case_opt	1	80	0.788645137	2.602528952	0.0285374	877219
191	use_case_opt	1	80	0.789754378	2.606189448	0.028637	879046
192	use_case_opt	1	80	0.788090516	2.600698704	0.0276999	852077
193	use_case_opt	1	80	0.787535896	2.598868456	0.0268297	825889
194	use_case_opt	1	80	0.786703965	2.596123084	0.0261492	805792
195	use_case_opt	1	80	0.79141824	2.611680192	0.0286977	879057
196	use_case_opt	1	80	0.789754378	2.606189448	0.0263041	807436
197	use_case_opt	1	80	0.790586309	2.60893482	0.0262925	806227
198	use_case_opt	1	80	0.785872034	2.593377712	0.0279322	861646
199	use_case_opt	1	80	0.786981275	2.597038208	0.0279321	860429
200	use_case_opt	1	80	0.788367827	2.601613828	0.027059	832066
201	use_case_opt	1	80	0.789477068	2.605274324	0.0274852	843986
202	use_case_opt	1	80	0.787535896	2.598868456	0.0277398	853904
203	use_case_opt	1	80	0.787813206	2.59978358	0.0269692	829892
204	use_case_opt	1	80	0.790031689	2.607104572	0.0271047	831719
205	use_case_opt	1	80	0.79114093	2.610765068	0.0277333	849814
206	use_case_opt	1	80	0.789754378	2.606189448	0.0279738	858689
207	use_case_opt	1	80	0.790308999	2.608019696	0.027378	839809
208	use_case_opt	1	80	0.791972861	2.61351044	0.028024	857818
209	use_case_opt	1	80	0.922308701	3.043618712	0.0332681	874436
210	use_case_opt	1	80	0.784208172	2.587886969	0.0265785	821627
211	use_case_opt	1	80	0.790586309	2.60893482	0.0284402	872086
212	use_case_opt	1	80	0.789754378	2.606189448	0.027543	845465
213	use_case_opt	1	80	0.787535896	2.598868456	0.0267732	824149
214	use_case_opt	1	80	0.791972861	2.61351044	0.0268672	822410
215	use_case_opt	1	80	0.786703965	2.596123084	0.0270244	832762
216	use_case_opt	1	80	0.79141824	2.611680192	0.0284474	871391
217	use_case_opt	1	80	0.785872034	2.593377712	0.0282199	870520
218	use_case_opt	1	80	0.787258586	2.597953332	0.0274503	845291
219	use_case_opt	1	80	0.786149344	2.594292836	0.0264609	815972
220	use_case_opt	1	80	0.786703965	2.596123084	0.0277839	856165
221	use_case_opt	1	80	0.787258586	2.597953332	0.0270774	833806
222	use_case_opt	1	80	0.786149344	2.594292836	0.0273863	844507
223	use_case_opt	1	80	0.786426655	2.59520796	0.0284797	877915
224	use_case_opt	1	80	0.933955733	3.08205392	0.0318917	827804
225	use_case_opt	1	80	0.79141824	2.611680192	0.027033	828065
226	use_case_opt	1	80	0.787535896	2.598868456	0.0274798	845899
227	use_case_opt	1	80	0.788645137	2.602528952	0.0280449	862082
228	use_case_opt	1	80	0.790031689	2.607104572	0.027564	845812
229	use_case_opt	1	80	0.784762793	2.589717216	0.025972	802313
230	use_case_opt	1	80	0.788090516	2.600698704	0.0273012	839810
231	use_case_opt	1	80	0.788367827	2.601613828	0.0267987	824062
232	use_case_opt	1	80	0.789477068	2.605274324	0.0271367	833285
233	use_case_opt	1	80	0.788645137	2.602528952	0.0278808	857036
234	use_case_opt	1	80	0.785317413	2.591547464	0.0277828	857644
235	use_case_opt	1	80	0.789477068	2.605274324	0.0273719	840505
236	use_case_opt	1	80	0.784762793	2.589717216	0.0269859	833633
237	use_case_opt	1	80	0.788367827	2.601613828	0.0271919	836155
238	use_case_opt	1	80	0.787258586	2.597953332	0.0270068	831632
239	use_case_opt	1	80	0.793914033	2.619916308	0.0288078	879656
240	use_case_opt	1	80	0.788922447	2.603444076	0.0269619	828500
241	use_case_opt	1	80	0.785872034	2.593377712	0.0280112	864082
242	use_case_opt	1	80	0.784485483	2.588802092	0.0284122	878003
243	use_case_opt	1	80	0.786703965	2.596123084	0.0267365	823888
244	use_case_opt	1	80	0.788922447	2.603444076	0.0265089	814580
245	use_case_opt	1	80	0.787535896	2.598868456	0.0257416	792395
246	use_case_opt	1	80	0.790863619	2.609849944	0.0286858	879307
247	use_case_opt	1	80	0.789754378	2.606189448	0.027424	841810
248	use_case_opt	1	80	0.787535896	2.598868456	0.0263804	812057
249	use_case_opt	1	80	0.793359412	2.61808606	0.0268374	820060
250	use_case_opt	1	80	0.79169555	2.612595316	0.0286705	877915
251	use_case_opt	1	80	0.79169555	2.612595316	0.0274687	841115
252	use_case_opt	1	80	0.789477068	2.605274324	0.0277855	853208
253	use_case_opt	1	80	0.936451526	3.090290035	0.0326692	845726
254	use_case_opt	1	80	0.788367827	2.601613828	0.0269939	830065
255	use_case_opt	1	80	0.786426655	2.59520796	0.0279096	860342
256	use_case_opt	1	80	0.790031689	2.607104572	0.0272493	836156
257	use_case_opt	1	80	0.788090516	2.600698704	0.0269674	829543
258	use_case_opt	1	80	0.795577894	2.625407052	0.0294249	896620
259	use_case_opt	1	80	0.79114093	2.610765068	0.028639	877568
260	use_case_opt	1	80	0.79114093	2.610765068	0.0276169	846247
261	use_case_opt	1	80	0.786703965	2.596123084	0.0274451	845726
262	use_case_opt	1	80	0.786426655	2.59520796	0.0285531	880177
263	use_case_opt	1	80	0.788645137	2.602528952	0.0276543	850076
264	use_case_opt	1	80	0.787813206	2.59978358	0.0286543	881743
265	use_case_opt	1	80	0.79114093	2.610765068	0.027157	832154
266	use_case_opt	1	80	0.789477068	2.605274324	0.028763	883223
267	use_case_opt	1	80	0.794468653	2.621746556	0.0274337	837112
268	use_case_opt	1	80	0.789754378	2.606189448	0.0274241	841813
269	use_case_opt	1	80	0.785872034	2.593377712	0.0280647	865733
270	use_case_opt	1	80	0.790308999	2.608019696	0.0265725	815102
271	use_case_opt	1	80	0.786981275	2.597038208	0.0274322	845030
272	use_case_opt	1	80	0.79169555	2.612595316	0.0273124	836329
273	use_case_opt	1	80	0.79169555	2.612595316	0.027946	855730
274	use_case_opt	1	80	0.788922447	2.603444076	0.0293487	901841
275	use_case_opt	1	80	0.789477068	2.605274324	0.0279697	858862
276	use_case_opt	1	80	0.789477068	2.605274324	0.0265701	815885
277	use_case_opt	1	80	0.785594724	2.592462588	0.0261631	807358
278	use_case_opt	1	80	0.784485483	2.588802092	0.0273762	845987
279	use_case_opt	1	80	0.788645137	2.602528952	0.0277817	853990
280	use_case_opt	1	80	0.790308999	2.608019696	0.0282402	866258
281	use_case_opt	1	80	0.786703965	2.596123084	0.0272531	839809
282	use_case_opt	1	80	0.937006146	3.092120283	0.0351064	908279
283	use_case_opt	1	80	0.791972861	2.61351044	0.0266029	814318
284	use_case_opt	1	80	0.787535896	2.598868456	0.0281213	865649
285	use_case_opt	1	80	0.789754378	2.606189448	0.0278775	855730
286	use_case_opt	1	80	0.787258586	2.597953332	0.0278176	856601
287	use_case_opt	1	80	0.793636722	2.619001184	0.0266445	813883
288	use_case_opt	1	80	0.788367827	2.601613828	0.0284906	876088
289	use_case_opt	1	80	0.784762793	2.589717216	0.0266564	823453
290	use_case_opt	1	80	0.785594724	2.592462588	0.0267157	824411
291	use_case_opt	1	80	0.789754378	2.606189448	0.0269393	826934
292	use_case_opt	1	80	0.79141824	2.611680192	0.0267462	819277
293	use_case_opt	1	80	0.787535896	2.598868456	0.0277426	853990
294	use_case_opt	1	80	0.790863619	2.609849944	0.0270765	829979
295	use_case_opt	1	80	0.788922447	2.603444076	0.0274008	841984
296	use_case_opt	1	80	0.785594724	2.592462588	0.0269497	831631
297	use_case_opt	1	80	0.788090516	2.600698704	0.0265404	816407
298	use_case_opt	1	80	0.79169555	2.612595316	0.0275511	843637
299	use_case_opt	1	80	0.785594724	2.592462588	0.0269722	832328
300	use_case_opt	1	80	0.786981275	2.597038208	0.0281128	865996
301	use_case_opt	1	80	0.786703965	2.596123084	0.0290036	893750
302	use_case_opt	1	80	0.788367827	2.601613828	0.0282871	869831
303	use_case_opt	1	80	0.789754378	2.606189448	0.0275796	846589
304	use_case_opt	1	80	0.788645137	2.602528952	0.0287893	884962
305	use_case_opt	1	80	0.788367827	2.601613828	0.0268949	827021
306	use_case_opt	1	80	0.787813206	2.59978358	0.0265056	815624
307	use_case_opt	1	80	0.786981275	2.597038208	0.0263025	810229
308	use_case_opt	1	80	0.786149344	2.594292836	0.0272001	838765
309	use_case_opt	1	80	0.789477068	2.605274324	0.0295421	907148
310	use_case_opt	1	80	0.783653552	2.586056721	0.0279912	865909
311	use_case_opt	1	80	0.933401113	3.080223672	0.0319703	830336
312	use_case_opt	1	80	0.789754378	2.606189448	0.0279424	857722
313	use_case_opt	1	80	0.789199758	2.6043592	0.0279967	859993
314	use_case_opt	1	80	0.788922447	2.603444076	0.0266986	820409
315	use_case_opt	1	80	0.790308999	2.608019696	0.0283168	868606
316	use_case_opt	1	80	0.788645137	2.602528952	0.0271053	833197
317	use_case_opt	1	80	0.782821621	2.583311349	0.0259556	803791
318	use_case_opt	1	80	0.785872034	2.593377712	0.029458	908714
319	use_case_opt	1	80	0.787813206	2.59978358	0.0283037	870956
320	use_case_opt	1	80	0.79141824	2.611680192	0.0276323	846421
321	use_case_opt	1	80	0.786149344	2.594292836	0.0284725	878003
322	use_case_opt	1	80	0.786426655	2.59520796	0.0262839	810229
323	use_case_opt	1	80	0.787535896	2.598868456	0.027542	847814
324	use_case_opt	1	80	0.785872034	2.593377712	0.0270692	835024
325	use_case_opt	1	80	0.788922447	2.603444076	0.0263362	809273
326	use_case_opt	1	80	0.786426655	2.59520796	0.0258239	796048
327	use_case_opt	1	80	0.786426655	2.59520796	0.0264109	814145
328	use_case_opt	1	80	0.789477068	2.605274324	0.0273435	839636
329	use_case_opt	1	80	0.785317413	2.591547464	0.0286424	884179
330	use_case_opt	1	80	0.789199758	2.6043592	0.0268893	825976
331	use_case_opt	1	80	0.786703965	2.596123084	0.027383	843812
332	use_case_opt	1	80	0.786981275	2.597038208	0.0281863	868259
333	use_case_opt	1	80	0.786149344	2.594292836	0.0266499	821800
334	use_case_opt	1	80	0.788367827	2.601613828	0.0273702	841637
335	use_case_opt	1	80	0.788367827	2.601613828	0.0270731	832502
336	use_case_opt	1	80	0.79114093	2.610765068	0.0274892	842332
337	use_case_opt	1	80	0.788367827	2.601613828	0.0271212	833981
338	use_case_opt	1	80	0.790586309	2.60893482	0.0267265	819538
339	use_case_opt	1	80	0.790308999	2.608019696	0.0275737	845813
340	use_case_opt	1	80	0.937006146	3.092120283	0.0322413	834154
341	use_case_opt	1	80	0.787535896	2.598868456	0.0261938	806315
342	use_case_opt	1	80	0.788367827	2.601613828	0.0283632	872174
343	use_case_opt	1	80	0.789199758	2.6043592	0.028311	869650
344	use_case_opt	1	80	0.789754378	2.606189448	0.0269818	828239
345	use_case_opt	1	80	0.790586309	2.60893482	0.0295609	906452
346	use_case_opt	1	80	0.787535896	2.598868456	0.0266884	821539
347	use_case_opt	1	80	0.787813206	2.59978358	0.0268279	825542
348	use_case_opt	1	80	0.788090516	2.600698704	0.0269759	829804
349	use_case_opt	1	80	0.788367827	2.601613828	0.0265554	816581
350	use_case_opt	1	80	0.787813206	2.59978358	0.0273679	842158
351	use_case_opt	1	80	0.793082102	2.617170936	0.0277473	848161
352	use_case_opt	1	80	0.786981275	2.597038208	0.0268758	827891
353	use_case_opt	1	80	0.793082102	2.617170936	0.0262986	803878
354	use_case_opt	1	80	0.790031689	2.607104572	0.0267248	820061
355	use_case_opt	1	80	0.786149344	2.594292836	0.0263286	811892
356	use_case_opt	1	80	0.786981275	2.597038208	0.0285136	878341
357	use_case_opt	1	80	0.793636722	2.619001184	0.0272882	833545
358	use_case_opt	1	80	0.787258586	2.597953332	0.0271282	835372
359	use_case_opt	1	80	0.788645137	2.602528952	0.0275836	847901
360	use_case_opt	1	80	0.790031689	2.607104572	0.0263109	807358
361	use_case_opt	1	80	0.789199758	2.6043592	0.0282657	868259
362	use_case_opt	1	80	0.790586309	2.60893482	0.0263946	809359
363	use_case_opt	1	80	0.789754378	2.606189448	0.0272341	835982
364	use_case_opt	1	80	0.790031689	2.607104572	0.0272663	836678
365	use_case_opt	1	80	0.788922447	2.603444076	0.0273866	841549
366	use_case_opt	1	80	0.785594724	2.592462588	0.0265691	819886
367	use_case_opt	1	80	0.787535896	2.598868456	0.0285142	877742
368	use_case_opt	1	80	0.788645137	2.602528952	0.0278638	856513
369	use_case_opt	1	80	0.933955733	3.08205392	0.0315029	817711
370	use_case_opt	1	80	0.790031689	2.607104572	0.0267901	822063
371	use_case_opt	1	80	0.788367827	2.601613828	0.026544	816231
372	use_case_opt	1	80	0.786426655	2.59520796	0.0270544	833980
373	use_case_opt	1	80	0.788367827	2.601613828	0.0264592	813623
374	use_case_opt	1	80	0.788367827	2.601613828	0.0264875	814492
375	use_case_opt	1	80	0.790586309	2.60893482	0.0272344	835112
376	use_case_opt	1	80	0.787258586	2.597953332	0.0272808	840071
377	use_case_opt	1	80	0.790308999	2.608019696	0.0283168	868606
378	use_case_opt	1	80	0.789477068	2.605274324	0.0266296	817711
379	use_case_opt	1	80	0.786703965	2.596123084	0.0268917	828674
380	use_case_opt	1	80	0.790863619	2.609849944	0.0287482	881222
381	use_case_opt	1	80	0.788645137	2.602528952	0.0269496	828413
382	use_case_opt	1	80	0.79114093	2.610765068	0.0283353	868258
383	use_case_opt	1	80	0.785872034	2.593377712	0.0267646	825629
384	use_case_opt	1	80	0.826913958	2.728816062	0.0280348	821887
385	use_case_opt	1	80	0.783930862	2.586971845	0.0290561	898534
386	use_case_opt	1	80	0.789199758	2.6043592	0.0271527	834067
387	use_case_opt	1	80	0.790308999	2.608019696	0.0270632	830153
388	use_case_opt	1	80	0.788367827	2.601613828	0.0268128	824497
389	use_case_opt	1	80	0.789754378	2.606189448	0.0267579	821366
390	use_case_opt	1	80	0.790308999	2.608019696	0.0277581	851467
391	use_case_opt	1	80	0.789477068	2.605274324	0.0281652	864866
392	use_case_opt	1	80	0.787258586	2.597953332	0.0276481	851380
393	use_case_opt	1	80	0.790308999	2.608019696	0.0267314	819973
394	use_case_opt	1	80	0.788090516	2.600698704	0.0270183	831110
395	use_case_opt	1	80	0.787535896	2.598868456	0.0274657	845465
396	use_case_opt	1	80	0.788645137	2.602528952	0.0279798	860080
397	use_case_opt	1	80	0.789754378	2.606189448	0.0274297	841985
398	use_case_opt	1	80	0.786149344	2.594292836	0.026901	829543
399	use_case_opt	1	80	0.788922447	2.603444076	0.0280604	862256
400	use_case_opt	1	80	0.786981275	2.597038208	0.0262234	807793
401	use_case_opt	1	80	0.788367827	2.601613828	0.0266657	819973
402	use_case_opt	1	80	0.786981275	2.597038208	0.027017	832240
403	use_case_opt	1	80	0.789199758	2.6043592	0.0267023	820235
404	use_case_opt	1	80	0.785872034	2.593377712	0.0298359	920372
405	use_case_opt	1	80	0.785317413	2.591547464	0.0275095	849206
406	use_case_opt	1	80	0.785317413	2.591547464	0.0269514	831979
407	use_case_opt	1	80	0.792250171	2.614425564	0.028827	882092
408	use_case_opt	1	80	0.789199758	2.6043592	0.0275378	845899
409	use_case_opt	1	80	0.79114093	2.610765068	0.0269611	826150
410	use_case_opt	1	80	0.788645137	2.602528952	0.0286393	880352
411	use_case_opt	1	80	0.79141824	2.611680192	0.0268342	821975
412	use_case_opt	1	80	0.786703965	2.596123084	0.02705	833551
413	use_case_opt	1	80	0.930073389	3.069242184	0.0330506	861466
414	use_case_opt	1	80	0.786426655	2.59520796	0.0265606	818759
415	use_case_opt	1	80	0.788922447	2.603444076	0.0281934	866342
416	use_case_opt	1	80	0.788922447	2.603444076	0.0268657	825541
417	use_case_opt	1	80	0.786149344	2.594292836	0.0275612	849902
418	use_case_opt	1	80	0.788922447	2.603444076	0.0270837	832240
419	use_case_opt	1	80	0.788090516	2.600698704	0.0263961	811969
420	use_case_opt	1	80	0.788922447	2.603444076	0.0279953	860255
421	use_case_opt	1	80	0.786149344	2.594292836	0.026853	828064
422	use_case_opt	1	80	0.789754378	2.606189448	0.0274382	842245
423	use_case_opt	1	80	0.786426655	2.59520796	0.0270939	835199
424	use_case_opt	1	80	0.788922447	2.603444076	0.0271856	835372
425	use_case_opt	1	80	0.789754378	2.606189448	0.02739	840767
426	use_case_opt	1	80	0.788090516	2.600698704	0.0290773	894446
427	use_case_opt	1	80	0.790308999	2.608019696	0.0274432	841810
428	use_case_opt	1	80	0.787258586	2.597953332	0.0286426	882005
429	use_case_opt	1	80	0.785872034	2.593377712	0.0282171	870433
430	use_case_opt	1	80	0.788367827	2.601613828	0.0273079	839722
431	use_case_opt	1	80	0.790308999	2.608019696	0.0282204	865649
432	use_case_opt	1	80	0.789477068	2.605274324	0.0287318	882266
433	use_case_opt	1	80	0.782821621	2.583311349	0.0273743	847726
434	use_case_opt	1	80	0.790031689	2.607104572	0.027187	834242
435	use_case_opt	1	80	0.79141824	2.611680192	0.0268427	822235
436	use_case_opt	1	80	0.787535896	2.598868456	0.027737	853817
437	use_case_opt	1	80	0.787535896	2.598868456	0.0282231	868780
438	use_case_opt	1	80	0.786703965	2.596123084	0.0270499	833545
439	use_case_opt	1	80	0.787535896	2.598868456	0.0281892	867737
440	use_case_opt	1	80	0.785040103	2.59063234	0.0280041	864778
441	use_case_opt	1	80	0.788090516	2.600698704	0.0272955	839635
442	use_case_opt	1	80	0.787813206	2.59978358	0.0268335	825716
443	use_case_opt	1	80	0.789199758	2.6043592	0.0285829	878003
444	use_case_opt	1	80	0.785317413	2.591547464	0.0264442	816319
445	use_case_opt	1	80	0.789199758	2.6043592	0.0294241	903841
446	use_case_opt	1	80	0.785040103	2.59063234	0.0275054	849380
447	use_case_opt	1	80	0.788922447	2.603444076	0.0272281	836678
448	use_case_opt	1	80	0.790863619	2.609849944	0.0276583	847813
449	use_case_opt	1	80	0.787535896	2.598868456	0.0278783	858166
450	use_case_opt	1	80	0.787813206	2.59978358	0.0275149	846683
451	use_case_opt	1	80	0.785040103	2.59063234	0.0292268	902536
452	use_case_opt	1	80	0.786149344	2.594292836	0.0268107	826759
453	use_case_opt	1	80	0.784208172	2.587886969	0.02892	894011
454	use_case_opt	1	80	0.786149344	2.594292836	0.0267853	825976
455	use_case_opt	1	80	0.782821621	2.583311349	0.0268686	832067
456	use_case_opt	1	80	0.934510354	3.083884167	0.0324607	842071
457	use_case_opt	1	80	0.790031689	2.607104572	0.0276917	849728
458	use_case_opt	1	80	0.788090516	2.600698704	0.0269137	827889
459	use_case_opt	1	80	0.787813206	2.59978358	0.0287419	884441
460	use_case_opt	1	80	0.787813206	2.59978358	0.0273566	841810
461	use_case_opt	1	80	0.785040103	2.59063234	0.02657	820496
462	use_case_opt	1	80	0.788645137	2.602528952	0.0284157	873479
463	use_case_opt	1	80	0.786981275	2.597038208	0.02676	824324
464	use_case_opt	1	80	0.788922447	2.603444076	0.0276584	849902
465	use_case_opt	1	80	0.790586309	2.60893482	0.0278501	853990
466	use_case_opt	1	80	0.786981275	2.597038208	0.0266809	821888
467	use_case_opt	1	80	0.786703965	2.596123084	0.0281142	866345
468	use_case_opt	1	80	0.790308999	2.608019696	0.0277071	849906
469	use_case_opt	1	80	0.789199758	2.6043592	0.0279257	857814
470	use_case_opt	1	80	0.786426655	2.59520796	0.0282229	869999
471	use_case_opt	1	80	0.845493748	2.790129369	0.028868	827716
472	use_case_opt	1	80	0.784762793	2.589717216	0.0266987	824759
473	use_case_opt	1	80	0.79114093	2.610765068	0.028392	869998
474	use_case_opt	1	80	0.785040103	2.59063234	0.0632007	1951669
475	use_case_opt	1	80	0.785872034	2.593377712	0.0261272	805966
476	use_case_opt	1	80	0.785872034	2.593377712	0.028014	864169
477	use_case_opt	1	80	0.78198969	2.580565977	0.0270337	838070
478	use_case_opt	1	80	0.786426655	2.59520796	0.0285079	878786
479	use_case_opt	1	80	0.791972861	2.61351044	0.0277369	849031
480	use_case_opt	1	80	0.790308999	2.608019696	0.0267342	820061
481	use_case_opt	1	80	0.788090516	2.600698704	0.0293432	902624
482	use_case_opt	1	80	0.787258586	2.597953332	0.0280465	863647
483	use_case_opt	1	80	0.788367827	2.601613828	0.0281143	864517
484	use_case_opt	1	80	0.784762793	2.589717216	0.0282167	871652
485	use_case_opt	1	80	0.788367827	2.601613828	0.0262612	807534
486	use_case_opt	1	80	0.786703965	2.596123084	0.0266828	822233
487	use_case_opt	1	80	0.785872034	2.593377712	0.0262598	810056
488	use_case_opt	1	80	0.790031689	2.607104572	0.0273743	839991
489	use_case_opt	1	80	0.787813206	2.59978358	0.0270821	833364
490	use_case_opt	1	80	0.788645137	2.602528952	0.0260015	799268
491	use_case_opt	1	80	0.78198969	2.580565977	0.0276511	857209
492	use_case_opt	1	80	0.789477068	2.605274324	0.0280915	862604
493	use_case_opt	1	80	0.786981275	2.597038208	0.0270399	832945
494	use_case_opt	1	80	0.784762793	2.589717216	0.0275461	850937
495	use_case_opt	1	80	0.783376241	2.585141597	0.0264828	819538
496	use_case_opt	1	80	0.787813206	2.59978358	0.0263953	812231
497	use_case_opt	1	80	0.787535896	2.598868456	0.0275589	848335
498	use_case_opt	1	80	0.786981275	2.597038208	0.0282992	871738
499	use_case_opt	1	80	0.786426655	2.59520796	0.026013	801877
500	use_case_opt	1	80	0.930073389	3.069242184	0.0315355	821975
501	use_case_opt	1	80	0.789754378	2.606189448	0.0267268	820408
502	use_case_opt	1	80	0.790586309	2.60893482	0.0277054	849553
503	use_case_opt	1	80	0.786426655	2.59520796	0.0284204	876089
504	use_case_opt	1	80	0.789754378	2.606189448	0.0284103	872086
505	use_case_opt	1	80	0.79114093	2.610765068	0.0293034	897925
506	use_case_opt	1	80	0.790031689	2.607104572	0.0274535	842420
507	use_case_opt	1	80	0.78198969	2.580565977	0.0268878	833545
508	use_case_opt	1	80	0.787535896	2.598868456	0.0280846	864517
509	use_case_opt	1	80	0.790586309	2.60893482	0.0272401	835286
510	use_case_opt	1	80	0.786981275	2.597038208	0.0276666	852251
511	use_case_opt	1	80	0.789199758	2.6043592	0.0279117	857384
512	use_case_opt	1	80	0.787813206	2.59978358	0.027252	838591
513	use_case_opt	1	80	0.790031689	2.607104572	0.02679	822062
514	use_case_opt	1	80	0.784485483	2.588802092	0.0264221	816502
515	use_case_opt	1	80	0.789754378	2.606189448	0.0274974	844063
516	use_case_opt	1	80	0.791972861	2.61351044	0.0309628	947777
517	use_case_opt	1	80	0.78254431	2.582396225	0.027828	862082
518	use_case_opt	1	80	0.787535896	2.598868456	0.0273385	841549
519	use_case_opt	1	80	0.785040103	2.59063234	0.0273364	844160
520	use_case_opt	1	80	0.787813206	2.59978358	0.0281256	865474
521	use_case_opt	1	80	0.786981275	2.597038208	0.0288556	888878
522	use_case_opt	1	80	0.789199758	2.6043592	0.0289653	889748
523	use_case_opt	1	80	0.790863619	2.609849944	0.0265543	813971
524	use_case_opt	1	80	0.790586309	2.60893482	0.0275096	843550
525	use_case_opt	1	80	0.786426655	2.59520796	0.0279293	860951
526	use_case_opt	1	80	0.787813206	2.59978358	0.0272972	839984
527	use_case_opt	1	80	0.786981275	2.597038208	0.0269916	831457
528	use_case_opt	1	80	0.785872034	2.593377712	0.0268943	829630
529	use_case_opt	1	80	0.933401113	3.080223672	0.0318225	826499
530	use_case_opt	1	80	0.787813206	2.59978358	0.0267629	823540
531	use_case_opt	1	80	0.792250171	2.614425564	0.0266236	814667
532	use_case_opt	1	80	0.792527481	2.615340688	0.026997	825802
533	use_case_opt	1	80	0.789754378	2.606189448	0.0282261	866431
534	use_case_opt	1	80	0.786981275	2.597038208	0.0267346	823541
535	use_case_opt	1	80	0.786981275	2.597038208	0.0265482	817798
536	use_case_opt	1	80	0.789199758	2.6043592	0.0266457	818495
537	use_case_opt	1	80	0.786149344	2.594292836	0.0274878	847639
538	use_case_opt	1	80	0.783930862	2.586971845	0.0275706	852598
539	use_case_opt	1	80	0.789477068	2.605274324	0.0273492	839810
540	use_case_opt	1	80	0.792527481	2.615340688	0.0281033	859645
541	use_case_opt	1	80	0.790031689	2.607104572	0.0261408	802139
542	use_case_opt	1	80	0.793636722	2.619001184	0.0266531	814144
543	use_case_opt	1	80	0.79114093	2.610765068	0.027103	830501
544	use_case_opt	1	80	0.788645137	2.602528952	0.0280987	863734
545	use_case_opt	1	80	0.788090516	2.600698704	0.0276971	851990
546	use_case_opt	1	80	0.785594724	2.592462588	0.0263012	811621
547	use_case_opt	1	80	0.786426655	2.59520796	0.0279858	862691
548	use_case_opt	1	80	0.788090516	2.600698704	0.0269533	829108
549	use_case_opt	1	80	0.785040103	2.59063234	0.0271363	837983
550	use_case_opt	1	80	0.782821621	2.583311349	0.0277198	858428
551	use_case_opt	1	80	0.792250171	2.614425564	0.0262085	801964
552	use_case_opt	1	80	0.792804792	2.616255812	0.02786	851903
553	use_case_opt	1	80	0.789754378	2.606189448	0.0271802	834328
554	use_case_opt	1	80	0.783930862	2.586971845	0.0279392	863996
555	use_case_opt	1	80	0.789199758	2.6043592	0.0277503	852425
556	use_case_opt	1	80	0.785594724	2.592462588	0.0267382	825106
557	use_case_opt	1	80	0.788645137	2.602528952	0.0263864	811100
558	use_case_opt	1	80	0.924249873	3.05002458	0.0311756	817715
559	use_case_opt	1	80	0.788367827	2.601613828	0.026841	825364
560	use_case_opt	1	80	0.79141824	2.611680192	0.0290552	890009
561	use_case_opt	1	80	0.787258586	2.597953332	0.0270972	834415
562	use_case_opt	1	80	0.792250171	2.614425564	0.0271126	829630
563	use_case_opt	1	80	0.788367827	2.601613828	0.0283321	871217
564	use_case_opt	1	80	0.784485483	2.588802092	0.0269539	832936
565	use_case_opt	1	80	0.790586309	2.60893482	0.0282445	866084
566	use_case_opt	1	80	0.786981275	2.597038208	0.0262488	808577
567	use_case_opt	1	80	0.789477068	2.605274324	0.0268845	825542
568	use_case_opt	1	80	0.786426655	2.59520796	0.0284853	878090
569	use_case_opt	1	80	0.787535896	2.598868456	0.0276324	850597
570	use_case_opt	1	80	0.789477068	2.605274324	0.0270744	831370
571	use_case_opt	1	80	0.786981275	2.597038208	0.0280451	863909
572	use_case_opt	1	80	0.783098931	2.584226473	0.0268894	832414
573	use_case_opt	1	80	0.794191343	2.620831432	0.0273728	835547
574	use_case_opt	1	80	0.790863619	2.609849944	0.0264918	812056
575	use_case_opt	1	80	0.788090516	2.600698704	0.028045	862691
576	use_case_opt	1	80	0.790031689	2.607104572	0.0283636	870346
577	use_case_opt	1	80	0.790863619	2.609849944	0.0276413	847291
578	use_case_opt	1	80	0.796409825	2.628152424	0.027718	843725
579	use_case_opt	1	80	0.788090516	2.600698704	0.0268628	826324
580	use_case_opt	1	80	0.79169555	2.612595316	0.0283324	867563
581	use_case_opt	1	80	0.789477068	2.605274324	0.027216	835720
582	use_case_opt	1	80	0.786703965	2.596123084	0.0267139	823193
583	use_case_opt	1	80	0.793359412	2.61808606	0.0260886	797179
584	use_case_opt	1	80	0.784208172	2.587886969	0.0271301	838678
585	use_case_opt	1	80	0.787258586	2.597953332	0.0274503	845291
586	use_case_opt	1	80	0.787258586	2.597953332	0.0270407	832675
587	use_case_opt	1	80	0.93062801	3.071072432	0.0329974	859566
588	use_case_opt	1	80	0.787535896	2.598868456	0.0273665	842412
589	use_case_opt	1	80	0.79141824	2.611680192	0.0274278	840158
590	use_case_opt	1	80	0.788645137	2.602528952	0.0274817	844769
591	use_case_opt	1	80	0.789477068	2.605274324	0.0265389	814927
592	use_case_opt	1	80	0.790031689	2.607104572	0.0281339	863300
593	use_case_opt	1	80	0.788922447	2.603444076	0.0266958	820322
594	use_case_opt	1	80	0.784208172	2.587886969	0.0264631	818059
595	use_case_opt	1	80	0.792250171	2.614425564	0.0280878	859472
596	use_case_opt	1	80	0.788090516	2.600698704	0.0269561	829195
597	use_case_opt	1	80	0.785040103	2.59063234	0.026308	812404
598	use_case_opt	1	80	0.784762793	2.589717216	0.0261326	807271
599	use_case_opt	1	80	0.786149344	2.594292836	0.0271267	836504
600	use_case_opt	1	80	0.79114093	2.610765068	0.0266715	817277
601	use_case_opt	1	80	0.785040103	2.59063234	0.0274829	848683
602	use_case_opt	1	80	0.786703965	2.596123084	0.0269767	831292
603	use_case_opt	1	80	0.785872034	2.593377712	0.0265838	820052
604	use_case_opt	1	80	0.786426655	2.59520796	0.0279632	861995
605	use_case_opt	1	80	0.79169555	2.612595316	0.0263155	805802
606	use_case_opt	1	80	0.786149344	2.594292836	0.0264352	815179
607	use_case_opt	1	80	0.788090516	2.600698704	0.0275359	847030
608	use_case_opt	1	80	0.79169555	2.612595316	0.0286222	876437
609	use_case_opt	1	80	0.790308999	2.608019696	0.0265867	815536
610	use_case_opt	1	80	0.786981275	2.597038208	0.0263816	812666
611	use_case_opt	1	80	0.790863619	2.609849944	0.0286517	878263
612	use_case_opt	1	80	0.788645137	2.602528952	0.0276147	848858
613	use_case_opt	1	80	0.788090516	2.600698704	0.0277933	854947
614	use_case_opt	1	80	0.790031689	2.607104572	0.0268552	824063
615	use_case_opt	1	80	0.788367827	2.601613828	0.0269769	829544
616	use_case_opt	1	80	0.937006146	3.092120283	0.0323893	837982
617	use_case_opt	1	80	0.786981275	2.597038208	0.0264917	816059
618	use_case_opt	1	80	0.789199758	2.6043592	0.0274161	842158
619	use_case_opt	1	80	0.789754378	2.606189448	0.0280107	859820
620	use_case_opt	1	80	0.789754378	2.606189448	0.0272143	835373
621	use_case_opt	1	80	0.787535896	2.598868456	0.0271152	834676
622	use_case_opt	1	80	0.789754378	2.606189448	0.0269818	828239
623	use_case_opt	1	80	0.79141824	2.611680192	0.0265161	812230
624	use_case_opt	1	80	0.790586309	2.60893482	0.02806	860429
625	use_case_opt	1	80	0.789477068	2.605274324	0.0261507	803008
626	use_case_opt	1	80	0.788367827	2.601613828	0.0280407	862255
627	use_case_opt	1	80	0.788645137	2.602528952	0.0277194	852077
628	use_case_opt	1	80	0.786703965	2.596123084	0.0265332	817624
629	use_case_opt	1	80	0.788645137	2.602528952	0.0262873	808055
630	use_case_opt	1	80	0.789754378	2.606189448	0.0266587	818320
631	use_case_opt	1	80	0.794468653	2.621746556	0.0268549	819451
632	use_case_opt	1	80	0.785040103	2.59063234	0.0271504	838418
633	use_case_opt	1	80	0.786981275	2.597038208	0.0264211	813883
634	use_case_opt	1	80	0.784485483	2.588802092	0.0263486	814232
635	use_case_opt	1	80	0.787258586	2.597953332	0.0271509	836069
636	use_case_opt	1	80	0.787535896	2.598868456	0.0279292	859732
637	use_case_opt	1	80	0.790308999	2.608019696	0.0271625	833197
638	use_case_opt	1	80	0.788645137	2.602528952	0.0268477	825281
639	use_case_opt	1	80	0.785872034	2.593377712	0.0261921	807967
640	use_case_opt	1	80	0.792527481	2.615340688	0.0281972	862516
641	use_case_opt	1	80	0.789477068	2.605274324	0.0277798	853034
642	use_case_opt	1	80	0.787258586	2.597953332	0.0266254	819887
643	use_case_opt	1	80	0.789199758	2.6043592	0.0276285	848683
644	use_case_opt	1	80	0.79141824	2.611680192	0.026766	819886
645	use_case_opt	1	80	0.930073389	3.069242184	0.0329708	859385
646	use_case_opt	1	80	0.787258586	2.597953332	0.0271002	834508
647	use_case_opt	1	80	0.786426655	2.59520796	0.026343	812051
648	use_case_opt	1	80	0.785040103	2.59063234	0.0277392	856600
649	use_case_opt	1	80	0.789754378	2.606189448	0.0268912	825455
650	use_case_opt	1	80	0.786149344	2.594292836	0.0273806	844334
651	use_case_opt	1	80	0.787258586	2.597953332	0.0274193	844333
652	use_case_opt	1	80	0.786981275	2.597038208	0.0273814	843464
653	use_case_opt	1	80	0.79141824	2.611680192	0.0286576	877828
654	use_case_opt	1	80	0.790031689	2.607104572	0.0289391	888008
655	use_case_opt	1	80	0.786426655	2.59520796	0.0269331	830240
656	use_case_opt	1	80	0.788090516	2.600698704	0.0276264	849815
657	use_case_opt	1	80	0.790586309	2.60893482	0.0271379	832154
658	use_case_opt	1	80	0.789199758	2.6043592	0.0274727	843898
659	use_case_opt	1	80	0.787258586	2.597953332	0.0289675	892010
660	use_case_opt	1	80	0.932014561	3.075648052	0.0330663	860081
661	use_case_opt	1	80	0.784762793	2.589717216	0.0276928	855469
662	use_case_opt	1	80	0.787813206	2.59978358	0.0278429	856774
663	use_case_opt	1	80	0.789477068	2.605274324	0.0261734	803705
664	use_case_opt	1	80	0.791972861	2.61351044	0.0293229	897577
665	use_case_opt	1	80	0.788645137	2.602528952	0.0287553	883918
666	use_case_opt	1	80	0.789477068	2.605274324	0.0269837	828587
667	use_case_opt	1	80	0.789754378	2.606189448	0.0279597	858254
668	use_case_opt	1	80	0.79141824	2.611680192	0.0269734	826238
669	use_case_opt	1	80	0.788090516	2.600698704	0.028424	874348
670	use_case_opt	1	80	0.789477068	2.605274324	0.0289556	889139
671	use_case_opt	1	80	0.790031689	2.607104572	0.0292085	896272
672	use_case_opt	1	80	0.79114093	2.610765068	0.0277333	849815
673	use_case_opt	1	80	0.79114093	2.610765068	0.0285936	876175
674	use_case_opt	1	80	0.788645137	2.602528952	0.0278553	856252
675	use_case_opt	1	80	0.793359412	2.61808606	0.0284062	867999
676	use_case_opt	1	80	0.790863619	2.609849944	0.0292023	895140
677	use_case_opt	1	80	0.788645137	2.602528952	0.0276572	850163
678	use_case_opt	1	80	0.789754378	2.606189448	0.0279653	858428
679	use_case_opt	1	80	0.789199758	2.6043592	0.0303871	933422
680	use_case_opt	1	80	0.787813206	2.59978358	0.0265593	817276
681	use_case_opt	1	80	0.787535896	2.598868456	0.0281213	865649
682	use_case_opt	1	80	0.789754378	2.606189448	0.0274183	841636
683	use_case_opt	1	80	0.79141824	2.611680192	0.028402	869999
684	use_case_opt	1	80	0.787813206	2.59978358	0.0284903	876697
685	use_case_opt	1	80	0.784762793	2.589717216	0.0293178	905668
686	use_case_opt	1	80	0.789199758	2.6043592	0.0277786	853295
687	use_case_opt	1	80	0.790031689	2.607104572	0.0288229	884440
688	use_case_opt	1	80	0.787258586	2.597953332	0.0279956	862082
689	use_case_opt	1	80	0.93062801	3.071072432	0.0312374	813720
690	use_case_opt	1	80	0.786426655	2.59520796	0.0286854	884257
691	use_case_opt	1	80	0.786426655	2.59520796	0.0272605	840332
692	use_case_opt	1	80	0.788090516	2.600698704	0.0276858	851642
693	use_case_opt	1	80	0.785594724	2.592462588	0.0289796	894272
694	use_case_opt	1	80	0.788367827	2.601613828	0.0281539	865736
695	use_case_opt	1	80	0.788922447	2.603444076	0.0279868	859993
696	use_case_opt	1	80	0.789199758	2.6043592	0.029359	901840
697	use_case_opt	1	80	0.788922447	2.603444076	0.0277377	852338
698	use_case_opt	1	80	0.788922447	2.603444076	0.029091	893924
699	use_case_opt	1	80	0.785594724	2.592462588	0.0289683	893923
700	use_case_opt	1	80	0.785872034	2.593377712	0.0283355	874088
701	use_case_opt	1	80	0.79169555	2.612595316	0.0284148	870085
702	use_case_opt	1	80	0.786703965	2.596123084	0.0287636	886355
703	use_case_opt	1	80	0.789754378	2.606189448	0.0269082	825976
704	use_case_opt	1	80	0.786149344	2.594292836	0.0278179	857819
705	use_case_opt	1	80	0.793082102	2.617170936	0.0293839	898186
706	use_case_opt	1	80	0.792250171	2.614425564	0.0277154	848075
707	use_case_opt	1	80	0.786981275	2.597038208	0.028432	875827
708	use_case_opt	1	80	0.786981275	2.597038208	0.0268815	828064
709	use_case_opt	1	80	0.787813206	2.59978358	0.0274046	843290
710	use_case_opt	1	80	0.788367827	2.601613828	0.0274664	844595
711	use_case_opt	1	80	0.790031689	2.607104572	0.0274365	841898
712	use_case_opt	1	80	0.789754378	2.606189448	0.0272341	835981
713	use_case_opt	1	80	0.789199758	2.6043592	0.0281836	865736
714	use_case_opt	1	80	0.792250171	2.614425564	0.0267515	818581
715	use_case_opt	1	80	0.788367827	2.601613828	0.0275626	847552
716	use_case_opt	1	80	0.788645137	2.602528952	0.0277308	852425
717	use_case_opt	1	80	0.785317413	2.591547464	0.0286791	885310
718	use_case_opt	1	80	0.932291871	3.076563176	0.0346554	901145
719	use_case_opt	1	80	0.788090516	2.600698704	0.0592859	1823692
720	use_case_opt	1	80	0.785040103	2.59063234	0.0280914	867475
721	use_case_opt	1	80	0.790308999	2.608019696	0.0272617	836242
722	use_case_opt	1	80	0.788367827	2.601613828	0.0272655	838417
723	use_case_opt	1	80	0.789477068	2.605274324	0.0272784	837635
724	use_case_opt	1	80	0.788645137	2.602528952	0.0280477	862168
725	use_case_opt	1	80	0.789199758	2.6043592	0.0281071	863387
726	use_case_opt	1	80	0.786149344	2.594292836	0.028811	888442
727	use_case_opt	1	80	0.790308999	2.608019696	0.0269951	828065
728	use_case_opt	1	80	0.787813206	2.59978358	0.0269155	828238
729	use_case_opt	1	80	0.786703965	2.596123084	0.0289556	892271
730	use_case_opt	1	80	0.789477068	2.605274324	0.02708	831544
731	use_case_opt	1	80	0.785040103	2.59063234	0.0284971	880003
732	use_case_opt	1	80	0.787258586	2.597953332	0.0292924	902015
733	use_case_opt	1	80	0.790031689	2.607104572	0.027961	857992
734	use_case_opt	1	80	0.788922447	2.603444076	0.028253	868171
735	use_case_opt	1	80	0.792527481	2.615340688	0.0281261	860342
736	use_case_opt	1	80	0.788922447	2.603444076	0.0271828	835286
737	use_case_opt	1	80	0.790031689	2.607104572	0.0276292	847813
738	use_case_opt	1	80	0.788090516	2.600698704	0.0276999	852077
739	use_case_opt	1	80	0.788090516	2.600698704	0.0283618	872434
740	use_case_opt	1	80	0.79141824	2.611680192	0.0287939	882005
741	use_case_opt	1	80	0.790308999	2.608019696	0.027846	854164
742	use_case_opt	1	80	0.784208172	2.587886969	0.0280335	866606
743	use_case_opt	1	80	0.786703965	2.596123084	0.0288906	890270
744	use_case_opt	1	80	0.789477068	2.605274324	0.0266721	819017
745	use_case_opt	1	80	0.786703965	2.596123084	0.0279138	860168
746	use_case_opt	1	80	0.787258586	2.597953332	0.0274757	846073
747	use_case_opt	1	80	0.931737251	3.074732928	0.031311	814666
748	use_case_opt	1	80	0.786426655	2.59520796	0.0272943	841375
749	use_case_opt	1	80	0.786426655	2.59520796	0.0278447	858341
750	use_case_opt	1	80	0.790031689	2.607104572	0.0272975	837634
751	use_case_opt	1	80	0.786426655	2.59520796	0.0282737	871565
752	use_case_opt	1	80	0.793359412	2.61808606	0.0281727	860863
753	use_case_opt	1	80	0.787258586	2.597953332	0.0281256	866083
754	use_case_opt	1	80	0.787813206	2.59978358	0.0275997	849292
755	use_case_opt	1	80	0.786149344	2.594292836	0.0271747	837983
756	use_case_opt	1	80	0.79169555	2.612595316	0.0286165	876262
757	use_case_opt	1	80	0.790031689	2.607104572	0.0287435	882005
758	use_case_opt	1	80	0.785594724	2.592462588	0.0267016	823975
759	use_case_opt	1	80	0.787535896	2.598868456	0.0281948	867910
760	use_case_opt	1	80	0.789754378	2.606189448	0.029459	904277
761	use_case_opt	1	80	0.786981275	2.597038208	0.0266922	822235
762	use_case_opt	1	80	0.786426655	2.59520796	0.0274947	847552
763	use_case_opt	1	80	0.786426655	2.59520796	0.0281128	866606
764	use_case_opt	1	80	0.793914033	2.619916308	0.0277394	847031
765	use_case_opt	1	80	0.787813206	2.59978358	0.0295873	910454
766	use_case_opt	1	80	0.788922447	2.603444076	0.0285078	876001
767	use_case_opt	1	80	0.786703965	2.596123084	0.0287495	885919
768	use_case_opt	1	80	0.785317413	2.591547464	0.028851	890618
769	use_case_opt	1	80	0.790031689	2.607104572	0.0285876	877219
770	use_case_opt	1	80	0.789754378	2.606189448	0.0267863	822235
771	use_case_opt	1	80	0.79141824	2.611680192	0.0301374	923156
772	use_case_opt	1	80	0.788090516	2.600698704	0.0600467	1847094
773	use_case_opt	1	80	0.788367827	2.601613828	0.0280322	861995
774	use_case_opt	1	80	0.788090516	2.600698704	0.0267836	823888
775	use_case_opt	1	80	0.79114093	2.610765068	0.0288719	884701
776	use_case_opt	1	80	0.930073389	3.069242184	0.0339654	885311
777	use_case_opt	1	80	0.79169555	2.612595316	0.0271192	830413
778	use_case_opt	1	80	0.788645137	2.602528952	0.0274392	843464
779	use_case_opt	1	80	0.787258586	2.597953332	0.028572	879829
780	use_case_opt	1	80	0.788922447	2.603444076	0.0274206	842594
781	use_case_opt	1	80	0.790031689	2.607104572	0.027686	849553
782	use_case_opt	1	80	0.790586309	2.60893482	0.0287779	882439
783	use_case_opt	1	80	0.788645137	2.602528952	0.027394	842072
784	use_case_opt	1	80	0.786149344	2.594292836	0.0282778	871999
785	use_case_opt	1	80	0.788922447	2.603444076	0.028706	882091
786	use_case_opt	1	80	0.785594724	2.592462588	0.0272683	841462
787	use_case_opt	1	80	0.790586309	2.60893482	0.0274728	842423
788	use_case_opt	1	80	0.790031689	2.607104572	0.0275157	844330
789	use_case_opt	1	80	0.792804792	2.616255812	0.0273308	835721
790	use_case_opt	1	80	0.786426655	2.59520796	0.0260723	803704
791	use_case_opt	1	80	0.790586309	2.60893482	0.0266159	816145
792	use_case_opt	1	80	0.789199758	2.6043592	0.0279287	857905
793	use_case_opt	1	80	0.789477068	2.605274324	0.0275589	846248
794	use_case_opt	1	80	0.79141824	2.611680192	0.026181	801965
795	use_case_opt	1	80	0.791972861	2.61351044	0.0274584	840506
796	use_case_opt	1	80	0.788367827	2.601613828	0.0272372	837547
797	use_case_opt	1	80	0.792250171	2.614425564	0.0279059	853903
798	use_case_opt	1	80	0.789199758	2.6043592	0.0266882	819800
799	use_case_opt	1	80	0.784762793	2.589717216	0.0272704	842420
800	use_case_opt	1	80	0.786703965	2.596123084	0.0270583	833806
801	use_case_opt	1	80	0.786426655	2.59520796	0.0277685	855991
802	use_case_opt	1	80	0.786426655	2.59520796	0.0266226	820670
803	use_case_opt	1	80	0.787813206	2.59978358	0.0274188	843725
804	use_case_opt	1	80	0.789477068	2.605274324	0.026961	827890
805	use_case_opt	1	80	0.932846492	3.078393424	0.0331595	861733
806	use_case_opt	1	80	0.786149344	2.594292836	0.0264637	816059
807	use_case_opt	1	80	0.790586309	2.60893482	0.0268883	824498
808	use_case_opt	1	80	0.79141824	2.611680192	0.0284531	871564
809	use_case_opt	1	80	0.788090516	2.600698704	0.0275133	846335
810	use_case_opt	1	80	0.790586309	2.60893482	0.0274103	840505
811	use_case_opt	1	80	0.787258586	2.597953332	0.0272526	839200
812	use_case_opt	1	80	0.788645137	2.602528952	0.0284044	873131
813	use_case_opt	1	80	0.786426655	2.59520796	0.0267609	824932
814	use_case_opt	1	80	0.789477068	2.605274324	0.0283323	869999
815	use_case_opt	1	80	0.783930862	2.586971845	0.0266478	824062
816	use_case_opt	1	80	0.786981275	2.597038208	0.0263618	812057
817	use_case_opt	1	80	0.793082102	2.617170936	0.0287036	877394
818	use_case_opt	1	80	0.786981275	2.597038208	0.0276751	852512
819	use_case_opt	1	80	0.788922447	2.603444076	0.0271488	834241
820	use_case_opt	1	80	0.817485408	2.697701847	0.0285248	845900
821	use_case_opt	1	80	0.787258586	2.597953332	0.0280606	864082
822	use_case_opt	1	80	0.786426655	2.59520796	0.0285474	880003
823	use_case_opt	1	80	0.79169555	2.612595316	0.0271675	831893
824	use_case_opt	1	80	0.786703965	2.596123084	0.0281679	867997
825	use_case_opt	1	80	0.793082102	2.617170936	0.0281429	860254
826	use_case_opt	1	80	0.782821621	2.583311349	0.0265399	821887
827	use_case_opt	1	80	0.790031689	2.607104572	0.026688	818929
828	use_case_opt	1	80	0.787813206	2.59978358	0.0274782	845551
829	use_case_opt	1	80	0.790308999	2.608019696	0.0263428	808055
830	use_case_opt	1	80	0.787813206	2.59978358	0.0281228	865387
831	use_case_opt	1	80	0.786149344	2.594292836	0.0271071	835900
832	use_case_opt	1	80	0.790863619	2.609849944	0.0266307	816314
833	use_case_opt	1	80	0.786426655	2.59520796	0.0282398	870521
834	use_case_opt	1	80	0.799460239	2.638218788	0.0277553	841636
835	use_case_opt	1	80	0.788645137	2.602528952	0.0273911	841985
836	use_case_opt	1	80	0.788367827	2.601613828	0.0270533	831892
837	use_case_opt	1	80	0.786703965	2.596123084	0.0281425	867215
838	use_case_opt	1	80	0.788645137	2.602528952	0.0265675	816667
839	use_case_opt	1	80	0.789477068	2.605274324	0.027029	829978
840	use_case_opt	1	80	0.789477068	2.605274324	0.0267117	820235
841	use_case_opt	1	80	0.789477068	2.605274324	0.0272132	835634
842	use_case_opt	1	80	0.790308999	2.608019696	0.0272561	836068
843	use_case_opt	1	80	0.790863619	2.609849944	0.0263726	808403
844	use_case_opt	1	80	0.787258586	2.597953332	0.0278685	858166
845	use_case_opt	1	80	0.790031689	2.607104572	0.0271274	832415
846	use_case_opt	1	80	0.79141824	2.611680192	0.0269364	825106
847	use_case_opt	1	80	0.789477068	2.605274324	0.02793	857645
848	use_case_opt	1	80	0.790586309	2.60893482	0.0267578	820496
849	use_case_opt	1	80	0.93090532	3.071987556	0.0324924	846160
850	use_case_opt	1	80	0.788922447	2.603444076	0.0271318	833719
851	use_case_opt	1	80	0.790308999	2.608019696	0.0269327	826151
852	use_case_opt	1	80	0.785040103	2.59063234	0.0282914	873652
853	use_case_opt	1	80	0.787535896	2.598868456	0.0275111	846863
854	use_case_opt	1	80	0.787258586	2.597953332	0.0263539	811528
855	use_case_opt	1	80	0.786426655	2.59520796	0.0263376	811883
856	use_case_opt	1	80	0.789199758	2.6043592	0.0266938	819974
857	use_case_opt	1	80	0.784485483	2.588802092	0.0285389	881918
858	use_case_opt	1	80	0.787258586	2.597953332	0.0273571	842419
859	use_case_opt	1	80	0.788645137	2.602528952	0.0263553	810142
860	use_case_opt	1	80	0.787813206	2.59978358	0.0288861	888877
861	use_case_opt	1	80	0.789199758	2.6043592	0.0287415	882875
862	use_case_opt	1	80	0.786149344	2.594292836	0.0275019	848074
863	use_case_opt	1	80	0.792527481	2.615340688	0.0279242	854165
864	use_case_opt	1	80	0.79169555	2.612595316	0.0263947	808228
865	use_case_opt	1	80	0.790586309	2.60893482	0.0279834	858080
866	use_case_opt	1	80	0.785872034	2.593377712	0.0288432	889748
867	use_case_opt	1	80	0.784485483	2.588802092	0.0278238	859820
868	use_case_opt	1	80	0.790308999	2.608019696	0.0287564	882092
869	use_case_opt	1	80	0.785872034	2.593377712	0.0283524	874609
870	use_case_opt	1	80	0.787258586	2.597953332	0.026939	829544
871	use_case_opt	1	80	0.787258586	2.597953332	0.0274277	844595
872	use_case_opt	1	80	0.788367827	2.601613828	0.0286575	881222
873	use_case_opt	1	80	0.785040103	2.59063234	0.028683	885746
874	use_case_opt	1	80	0.788922447	2.603444076	0.026911	826933
875	use_case_opt	1	80	0.793914033	2.619916308	0.0278761	851206
876	use_case_opt	1	80	0.786149344	2.594292836	0.0263255	811795
877	use_case_opt	1	80	0.786703965	2.596123084	0.0261577	806053
878	use_case_opt	1	80	0.786703965	2.596123084	0.0278546	858344
879	use_case_opt	1	80	0.785594724	2.592462588	0.0285425	880784
880	use_case_opt	1	80	0.786703965	2.596123084	0.0271713	837287
881	use_case_opt	1	80	0.785040103	2.59063234	0.0257192	794221
882	use_case_opt	1	80	0.789477068	2.605274324	0.0266466	818234
883	use_case_opt	1	80	0.788922447	2.603444076	0.0270553	831370
884	use_case_opt	1	80	0.787535896	2.598868456	0.026516	816233
885	use_case_opt	1	80	0.788922447	2.603444076	0.0267779	822844
886	use_case_opt	1	80	0.788645137	2.602528952	0.0280138	861125
887	use_case_opt	1	80	0.788367827	2.601613828	0.0286999	882526
888	use_case_opt	1	80	0.784762793	2.589717216	0.0271183	837721
889	use_case_opt	1	80	0.788090516	2.600698704	0.026388	811719
890	use_case_opt	1	80	0.786426655	2.59520796	0.0283552	874077
891	use_case_opt	1	80	0.786981275	2.597038208	0.0263138	810577
892	use_case_opt	1	80	0.933678423	3.081138796	0.0340267	883484
893	use_case_opt	1	80	0.789199758	2.6043592	0.0277503	852424
894	use_case_opt	1	80	0.785594724	2.592462588	0.0274008	845551
895	use_case_opt	1	80	0.787258586	2.597953332	0.0262468	808229
896	use_case_opt	1	80	0.788367827	2.601613828	0.0281426	865387
897	use_case_opt	1	80	0.784208172	2.587886969	0.026162	808750
898	use_case_opt	1	80	0.787813206	2.59978358	0.0270739	833111
899	use_case_opt	1	80	0.788090516	2.600698704	0.026744	822670
900	use_case_opt	1	80	0.789199758	2.6043592	0.0285376	876611
901	use_case_opt	1	80	0.786149344	2.594292836	0.0271803	838156
902	use_case_opt	1	80	0.787813206	2.59978358	0.0262398	807445
903	use_case_opt	1	80	0.786703965	2.596123084	0.0274366	845465
904	use_case_opt	1	80	0.79141824	2.611680192	0.0280328	858688
905	use_case_opt	1	80	0.785872034	2.593377712	0.0264431	815711
906	use_case_opt	1	80	0.790031689	2.607104572	0.0261379	802052
907	use_case_opt	1	80	0.82885513	2.73522193	0.0272826	797962
908	use_case_opt	1	80	0.788922447	2.603444076	0.0274036	842071
909	use_case_opt	1	80	0.794468653	2.621746556	0.0279127	851729
910	use_case_opt	1	80	0.786703965	2.596123084	0.0667932	2058243
911	use_case_opt	1	80	0.793082102	2.617170936	0.0284759	870433
912	use_case_opt	1	80	0.786426655	2.59520796	0.0272463	839896
913	use_case_opt	1	80	0.787813206	2.59978358	0.0281482	866171
914	use_case_opt	1	80	0.786981275	2.597038208	0.0277174	853816
915	use_case_opt	1	80	0.788922447	2.603444076	0.0273271	839723
916	use_case_opt	1	80	0.79169555	2.612595316	0.028088	860080
917	use_case_opt	1	80	0.788090516	2.600698704	0.0276293	849903
918	use_case_opt	1	80	0.789477068	2.605274324	0.0274143	841810
919	use_case_opt	1	80	0.788367827	2.601613828	0.0279785	860342
920	use_case_opt	1	80	0.788090516	2.600698704	0.0274454	844246
921	use_case_opt	1	80	0.79114093	2.610765068	0.0274721	841811
922	use_case_opt	1	80	0.786149344	2.594292836	0.0276149	851558
923	use_case_opt	1	80	0.787813206	2.59978358	0.0269833	830323
924	use_case_opt	1	80	0.786149344	2.594292836	0.027186	838330
925	use_case_opt	1	80	0.785872034	2.593377712	0.0271115	836329
926	use_case_opt	1	80	0.788645137	2.602528952	0.0262024	805445
927	use_case_opt	1	80	0.790308999	2.608019696	0.0270036	828326
928	use_case_opt	1	80	0.785872034	2.593377712	0.0274048	845377
929	use_case_opt	1	80	0.787813206	2.59978358	0.0261522	804748
930	use_case_opt	1	80	0.789754378	2.606189448	0.0263215	807967
931	use_case_opt	1	80	0.785594724	2.592462588	0.025915	799703
932	use_case_opt	1	80	0.784485483	2.588802092	0.0258168	797798
933	use_case_opt	1	80	0.790031689	2.607104572	0.0264693	812221
934	use_case_opt	1	80	0.785317413	2.591547464	0.0263793	814318
935	use_case_opt	1	80	0.788922447	2.603444076	0.0262909	807881
936	use_case_opt	1	80	0.93090532	3.071987556	0.0325559	847814
937	use_case_opt	1	80	0.788090516	2.600698704	0.0271145	834067
938	use_case_opt	1	80	0.789477068	2.605274324	0.0583533	1791850
939	use_case_opt	1	80	0.784762793	2.589717216	0.0268085	828151
940	use_case_opt	1	80	0.785872034	2.593377712	0.0277517	856078
941	use_case_opt	1	80	0.788367827	2.601613828	0.0265186	815450
942	use_case_opt	1	80	0.788367827	2.601613828	0.0275682	847727
943	use_case_opt	1	80	0.786981275	2.597038208	0.0269605	830501
944	use_case_opt	1	80	0.789754378	2.606189448	0.0269393	826933
945	use_case_opt	1	80	0.785872034	2.593377712	0.0275345	849380
946	use_case_opt	1	80	0.786703965	2.596123084	0.0292831	902363
947	use_case_opt	1	80	0.787535896	2.598868456	0.0279376	859993
948	use_case_opt	1	80	0.785594724	2.592462588	0.0278772	860255
949	use_case_opt	1	80	0.788090516	2.600698704	0.0627873	1931398
950	use_case_opt	1	80	0.788367827	2.601613828	0.0285754	878698
951	use_case_opt	1	80	0.790863619	2.609849944	0.027332	837809
952	use_case_opt	1	80	0.789477068	2.605274324	0.0259099	795613
953	use_case_opt	1	80	0.789477068	2.605274324	0.0272302	836156
954	use_case_opt	1	80	0.784762793	2.589717216	0.0260171	803704
955	use_case_opt	1	80	0.790863619	2.609849944	0.0266849	817973
956	use_case_opt	1	80	0.788645137	2.602528952	0.0279204	858253
957	use_case_opt	1	80	0.788645137	2.602528952	0.0269355	827978
958	use_case_opt	1	80	0.786703965	2.596123084	0.0271148	835546
959	use_case_opt	1	80	0.788367827	2.601613828	0.0273255	840263
960	use_case_opt	1	80	0.790031689	2.607104572	0.027399	840748
961	use_case_opt	1	80	0.788645137	2.602528952	0.0275723	847553
962	use_case_opt	1	80	0.79114093	2.610765068	0.0280087	858253
963	use_case_opt	1	80	0.788090516	2.600698704	0.0276519	850598
964	use_case_opt	1	80	0.787258586	2.597953332	0.0279165	859645
965	use_case_opt	1	80	0.934787664	3.084799291	0.0321482	833719
966	use_case_opt	1	80	0.789199758	2.6043592	0.0266853	819712
967	use_case_opt	1	80	0.790308999	2.608019696	0.0277297	850598
968	use_case_opt	1	80	0.79169555	2.612595316	0.0275482	843551
969	use_case_opt	1	80	0.787535896	2.598868456	0.0287205	884092
970	use_case_opt	1	80	0.790031689	2.607104572	0.0277654	851992
971	use_case_opt	1	80	0.785594724	2.592462588	0.0268284	827888
972	use_case_opt	1	80	0.790031689	2.607104572	0.0282246	866084
973	use_case_opt	1	80	0.787535896	2.598868456	0.0267958	824846
974	use_case_opt	1	80	0.790031689	2.607104572	0.0286244	878350
975	use_case_opt	1	80	0.790031689	2.607104572	0.0283891	871130
976	use_case_opt	1	80	0.785594724	2.592462588	0.0279336	861995
977	use_case_opt	1	80	0.79114093	2.610765068	0.0277163	849292
978	use_case_opt	1	80	0.790308999	2.608019696	0.0279651	857819
979	use_case_opt	1	80	0.785872034	2.593377712	0.027072	835111
980	use_case_opt	1	80	0.789199758	2.6043592	0.0270705	831544
981	use_case_opt	1	80	0.789199758	2.6043592	0.0280646	862081
982	use_case_opt	1	80	0.792527481	2.615340688	0.0285926	874610
983	use_case_opt	1	80	0.789754378	2.606189448	0.0273503	839548
984	use_case_opt	1	80	0.788922447	2.603444076	0.0275537	846683
985	use_case_opt	1	80	0.79169555	2.612595316	0.0268862	823279
986	use_case_opt	1	80	0.787258586	2.597953332	0.0274786	846160
987	use_case_opt	1	80	0.787535896	2.598868456	0.0276296	850511
988	use_case_opt	1	80	0.787813206	2.59978358	0.027224	837731
989	use_case_opt	1	80	0.79141824	2.611680192	0.0272315	834145
990	use_case_opt	1	80	0.789477068	2.605274324	0.027607	847727
991	use_case_opt	1	80	0.790308999	2.608019696	0.0280388	860080
992	use_case_opt	1	80	0.787258586	2.597953332	0.0266819	821627
993	use_case_opt	1	80	0.788090516	2.600698704	0.0266591	820060
994	use_case_opt	1	80	0.932569182	3.0774783	0.0326275	848162
995	use_case_opt	1	80	0.786981275	2.597038208	0.0270057	831892
996	use_case_opt	1	80	0.789199758	2.6043592	0.0278749	856252
997	use_case_opt	1	80	0.789199758	2.6043592	0.0266853	819712
998	use_case_opt	1	80	0.788090516	2.600698704	0.0266648	820235
999	use_case_opt	1	80	0.788090516	2.600698704	0.0277056	852251
1000	use_case_opt	1	80	0.790031689	2.607104572	0.0268411	823627
1001	use_case_opt	1	80	0.79141824	2.611680192	0.0261156	799963
1002	use_case_opt	1	80	0.789199758	2.6043592	0.0285886	878176
1003	use_case_opt	1	80	0.786981275	2.597038208	0.026664	821366
1004	use_case_opt	1	80	0.787535896	2.598868456	0.0268495	826498
1005	use_case_opt	1	80	0.787258586	2.597953332	0.0269644	830327
1006	use_case_opt	1	80	0.787258586	2.597953332	0.026631	820060
1007	use_case_opt	1	80	0.787813206	2.59978358	0.0272859	839635
1008	use_case_opt	1	80	0.786149344	2.594292836	0.0281593	868346
1009	use_case_opt	1	80	0.79169555	2.612595316	0.0265765	813796
1010	use_case_opt	1	80	0.788645137	2.602528952	0.0277112	851823
1011	use_case_opt	1	80	0.790031689	2.607104572	0.0279721	858333
1012	use_case_opt	1	80	0.786149344	2.594292836	0.0271154	836156
1013	use_case_opt	1	80	0.786981275	2.597038208	0.0270227	832415
1014	use_case_opt	1	80	0.787535896	2.598868456	0.0268863	827630
1015	use_case_opt	1	80	0.784762793	2.589717216	0.0266001	821713
1016	use_case_opt	1	80	0.789477068	2.605274324	0.027097	832067
1017	use_case_opt	1	80	0.786426655	2.59520796	0.0260158	801964
1018	use_case_opt	1	80	0.79141824	2.611680192	0.0263769	807968
1019	use_case_opt	1	80	0.785594724	2.592462588	0.0270907	835982
1020	use_case_opt	1	80	0.790308999	2.608019696	0.0269412	826411
1021	use_case_opt	1	80	0.789477068	2.605274324	0.0272869	837896
1022	use_case_opt	1	80	0.786426655	2.59520796	0.0265972	819886
1023	use_case_opt	1	80	0.931737251	3.074732928	0.0335748	873566
1024	use_case_opt	1	80	0.789199758	2.6043592	0.0274274	842507
1025	use_case_opt	1	80	0.786426655	2.59520796	0.027108	835633
1026	use_case_opt	1	80	0.792250171	2.614425564	0.0266094	814232
1027	use_case_opt	1	80	0.787535896	2.598868456	0.0276889	852338
1028	use_case_opt	1	80	0.794191343	2.620831432	0.0273785	835720
1029	use_case_opt	1	80	0.786426655	2.59520796	0.0280253	863908
1030	use_case_opt	1	80	0.785872034	2.593377712	0.0269169	830327
1031	use_case_opt	1	80	0.783930862	2.586971845	0.0281248	869737
1032	use_case_opt	1	80	0.787813206	2.59978358	0.0271219	834590
1033	use_case_opt	1	80	0.79141824	2.611680192	0.0275357	843464
1034	use_case_opt	1	80	0.784485483	2.588802092	0.0282714	873652
1035	use_case_opt	1	80	0.790586309	2.60893482	0.0266925	818495
1036	use_case_opt	1	80	0.788922447	2.603444076	0.0270865	832329
1037	use_case_opt	1	80	0.789477068	2.605274324	0.0271451	833544
1038	use_case_opt	1	80	0.787535896	2.598868456	0.026646	820235
1039	use_case_opt	1	80	0.786981275	2.597038208	0.026037	802052
1040	use_case_opt	1	80	0.789199758	2.6043592	0.0265409	815276
1041	use_case_opt	1	80	0.786149344	2.594292836	0.0266076	820495
1042	use_case_opt	1	80	0.786703965	2.596123084	0.0261069	804487
1043	use_case_opt	1	80	0.789477068	2.605274324	0.0261677	803531
1044	use_case_opt	1	80	0.788090516	2.600698704	0.0286927	882613
1045	use_case_opt	1	80	0.787813206	2.59978358	0.0282783	870173
1046	use_case_opt	1	80	0.787258586	2.597953332	0.026987	831022
1047	use_case_opt	1	80	0.79114093	2.610765068	0.0258623	792482
1048	use_case_opt	1	80	0.790863619	2.609849944	0.0273149	837287
1049	use_case_opt	1	80	0.788922447	2.603444076	0.026659	819190
1050	use_case_opt	1	80	0.788645137	2.602528952	0.0284751	875306
1051	use_case_opt	1	80	0.790308999	2.608019696	0.0273979	840419
1052	use_case_opt	1	80	0.934233043	3.082969043	0.0328164	851554
1053	use_case_opt	1	80	0.788922447	2.603444076	0.0266222	818060
1054	use_case_opt	1	80	0.789754378	2.606189448	0.0272199	835547
1055	use_case_opt	1	80	0.788367827	2.601613828	0.0271354	834416
1056	use_case_opt	1	80	0.792250171	2.614425564	0.0289209	884963
1057	use_case_opt	1	80	0.786703965	2.596123084	0.027815	857123
1058	use_case_opt	1	80	0.788922447	2.603444076	0.0272762	838156
1059	use_case_opt	1	80	0.789199758	2.6043592	0.0276058	847988
1060	use_case_opt	1	80	0.788090516	2.600698704	0.0271092	833903
1061	use_case_opt	1	80	0.788090516	2.600698704	0.0258842	796221
1062	use_case_opt	1	80	0.785594724	2.592462588	0.0268141	827447
1063	use_case_opt	1	80	0.789477068	2.605274324	0.0285052	875306
1064	use_case_opt	1	80	0.788367827	2.601613828	0.0269628	829108
1065	use_case_opt	1	80	0.788367827	2.601613828	0.0264026	811883
1066	use_case_opt	1	80	0.789199758	2.6043592	0.028277	868606
1067	use_case_opt	1	80	0.790308999	2.608019696	0.028209	865301
1068	use_case_opt	1	80	0.788645137	2.602528952	0.0264515	813100
1069	use_case_opt	1	80	0.790031689	2.607104572	0.0266965	819191
1070	use_case_opt	1	80	0.787813206	2.59978358	0.0289342	890356
1071	use_case_opt	1	80	0.787258586	2.597953332	0.0274164	844247
1072	use_case_opt	1	80	0.785317413	2.591547464	0.0275207	849553
1073	use_case_opt	1	80	0.787813206	2.59978358	0.0274895	845900
1074	use_case_opt	1	80	0.786149344	2.594292836	0.0265991	820235
1075	use_case_opt	1	80	0.787813206	2.59978358	0.0275601	848075
1076	use_case_opt	1	80	0.787258586	2.597953332	0.0269644	830326
1077	use_case_opt	1	80	0.788090516	2.600698704	0.0271796	836069
1078	use_case_opt	1	80	0.790586309	2.60893482	0.026911	825193
1079	use_case_opt	1	80	0.789199758	2.6043592	0.0270989	832415
1080	use_case_opt	1	80	0.790308999	2.608019696	0.0271313	832240
1081	use_case_opt	1	80	0.93118263	3.07290268	0.0321746	837635
1082	use_case_opt	1	80	0.790031689	2.607104572	0.0273741	839983
1083	use_case_opt	1	80	0.787535896	2.598868456	0.0265895	818495
1084	use_case_opt	1	80	0.789477068	2.605274324	0.0274569	843115
1085	use_case_opt	1	80	0.788645137	2.602528952	0.02721	836416
1086	use_case_opt	1	80	0.786981275	2.597038208	0.0278615	858253
1087	use_case_opt	1	80	0.789477068	2.605274324	0.0275787	846857
1088	use_case_opt	1	80	0.790863619	2.609849944	0.0274909	842680
1089	use_case_opt	1	80	0.789477068	2.605274324	0.0261281	802312
1090	use_case_opt	1	80	0.787813206	2.59978358	0.0270428	832154
1091	use_case_opt	1	80	0.784485483	2.588802092	0.0274353	847813
1092	use_case_opt	1	80	0.786981275	2.597038208	0.0270142	832154
1093	use_case_opt	1	80	0.784485483	2.588802092	0.027317	844159
1094	use_case_opt	1	80	0.79169555	2.612595316	0.0279602	856165
1095	use_case_opt	1	80	0.783376241	2.585141597	0.0266712	825367
1096	use_case_opt	1	80	0.928409527	3.06375144	0.0316357	826064
1097	use_case_opt	1	80	0.788090516	2.600698704	0.0286163	880264
1098	use_case_opt	1	80	0.794468653	2.621746556	0.0281351	858515
1099	use_case_opt	1	80	0.79114093	2.610765068	0.0279094	855208
1100	use_case_opt	1	80	0.788090516	2.600698704	0.0273804	842246
1101	use_case_opt	1	80	0.79141824	2.611680192	0.028081	860168
1102	use_case_opt	1	80	0.785317413	2.591547464	0.0264244	815711
1103	use_case_opt	1	80	0.786149344	2.594292836	0.0276656	853120
1104	use_case_opt	1	80	0.789754378	2.606189448	0.0275317	845116
1105	use_case_opt	1	80	0.790308999	2.608019696	0.0261528	802226
1106	use_case_opt	1	80	0.788645137	2.602528952	0.0258968	796048
1107	use_case_opt	1	80	0.785872034	2.593377712	0.0280619	865648
1108	use_case_opt	1	80	0.79141824	2.611680192	0.0264366	809795
1109	use_case_opt	1	80	0.783098931	2.584226473	0.0262486	812579
1110	use_case_opt	1	80	0.784762793	2.589717216	0.0272591	842071
1111	use_case_opt	1	80	0.788367827	2.601613828	0.0265242	815624
1112	use_case_opt	1	80	0.790863619	2.609849944	0.0269545	826237
1113	use_case_opt	1	80	0.787258586	2.597953332	0.0272724	839810
1114	use_case_opt	1	80	0.788922447	2.603444076	0.028253	868171
1115	use_case_opt	1	80	0.788645137	2.602528952	0.026681	820157
1116	use_case_opt	1	80	0.79114093	2.610765068	0.0267563	819876
1117	use_case_opt	1	80	0.787813206	2.59978358	0.0260674	802139
1118	use_case_opt	1	80	0.790586309	2.60893482	0.02745	841723
1119	use_case_opt	1	80	0.790031689	2.607104572	0.0272607	836503
1120	use_case_opt	1	80	0.785872034	2.593377712	0.0272188	839640
1121	use_case_opt	1	80	0.787813206	2.59978358	0.0263189	809878
1122	use_case_opt	1	80	0.789477068	2.605274324	0.0265785	816145
1123	use_case_opt	1	80	0.789199758	2.6043592	0.0267222	820843
1124	use_case_opt	1	80	0.786703965	2.596123084	0.0260674	803270
1125	use_case_opt	1	80	0.932014561	3.075648052	0.0319023	829804
1126	use_case_opt	1	80	0.786981275	2.597038208	0.0261189	804575
1127	use_case_opt	1	80	0.788922447	2.603444076	0.0272196	836416
1128	use_case_opt	1	80	0.783098931	2.584226473	0.027429	849119
1129	use_case_opt	1	80	0.787813206	2.59978358	0.0259995	800050
1130	use_case_opt	1	80	0.785317413	2.591547464	0.0266922	823975
1131	use_case_opt	1	80	0.788367827	2.601613828	0.0286151	879917
1132	use_case_opt	1	80	0.785594724	2.592462588	0.0265127	818146
1133	use_case_opt	1	80	0.789754378	2.606189448	0.0270981	831806
1134	use_case_opt	1	80	0.790863619	2.609849944	0.0284445	871912
1135	use_case_opt	1	80	0.788090516	2.600698704	0.0271853	836244
1136	use_case_opt	1	80	0.790031689	2.607104572	0.0276972	849900
1137	use_case_opt	1	80	0.785872034	2.593377712	0.0265869	820147
1138	use_case_opt	1	80	0.788645137	2.602528952	0.0277789	853903
1139	use_case_opt	1	80	0.785872034	2.593377712	0.0273174	842681
1140	use_case_opt	1	80	0.790586309	2.60893482	0.0278302	853381
1141	use_case_opt	1	80	0.788922447	2.603444076	0.0262966	808055
1142	use_case_opt	1	80	0.786426655	2.59520796	0.026871	828325
1143	use_case_opt	1	80	0.785594724	2.592462588	0.0277363	855905
1144	use_case_opt	1	80	0.786703965	2.596123084	0.0266066	819886
1145	use_case_opt	1	80	0.785317413	2.591547464	0.0268246	828065
1146	use_case_opt	1	80	0.788367827	2.601613828	0.0262724	807880
1147	use_case_opt	1	80	0.788090516	2.600698704	0.0285626	878612
1148	use_case_opt	1	80	0.789199758	2.6043592	0.027518	845291
1149	use_case_opt	1	80	0.79141824	2.611680192	0.0274249	840070
1150	use_case_opt	1	80	0.790308999	2.608019696	0.0274574	842246
1151	use_case_opt	1	80	0.784208172	2.587886969	0.0271019	837808
1152	use_case_opt	1	80	0.789199758	2.6043592	0.0274161	842159
1153	use_case_opt	1	80	0.790863619	2.609849944	0.0280557	859993
1154	use_case_opt	1	80	0.94005656	3.102186647	0.0320359	826151
1155	use_case_opt	1	80	0.789477068	2.605274324	0.0289273	888268
1156	use_case_opt	1	80	0.787813206	2.59978358	0.0267007	821627
1157	use_case_opt	1	80	0.790863619	2.609849944	0.0287766	882091
1158	use_case_opt	1	80	0.785594724	2.592462588	0.027787	857471
1159	use_case_opt	1	80	0.785040103	2.59063234	0.028621	883832
1160	use_case_opt	1	80	0.786703965	2.596123084	0.0271515	836677
1161	use_case_opt	1	80	0.785594724	2.592462588	0.0303413	936293
1162	use_case_opt	1	80	0.788367827	2.601613828	0.0284906	876088
1163	use_case_opt	1	80	0.79169555	2.612595316	0.0276846	847727
1164	use_case_opt	1	80	0.787813206	2.59978358	0.0300962	926113
1165	use_case_opt	1	80	0.788090516	2.600698704	0.0271739	835895
1166	use_case_opt	1	80	0.787813206	2.59978358	0.0276223	849988
1167	use_case_opt	1	80	0.789477068	2.605274324	0.0281425	864170
1168	use_case_opt	1	80	0.788645137	2.602528952	0.0262081	805618
1169	use_case_opt	1	80	0.789754378	2.606189448	0.0267211	820235
1170	use_case_opt	1	80	0.788922447	2.603444076	0.0269478	828064
1171	use_case_opt	1	80	0.789477068	2.605274324	0.0272954	838157
1172	use_case_opt	1	80	0.786703965	2.596123084	0.0269397	830152
1173	use_case_opt	1	80	0.787535896	2.598868456	0.026126	804227
1174	use_case_opt	1	80	0.788367827	2.601613828	0.0271778	835720
1175	use_case_opt	1	80	0.791972861	2.61351044	0.0261368	800051
1176	use_case_opt	1	80	0.785594724	2.592462588	0.0265634	819712
1177	use_case_opt	1	80	0.789754378	2.606189448	0.0279568	858167
1178	use_case_opt	1	80	0.790031689	2.607104572	0.027238	835808
1179	use_case_opt	1	80	0.786981275	2.597038208	0.0269323	829630
1180	use_case_opt	1	80	0.787258586	2.597953332	0.0268994	828326
1181	use_case_opt	1	80	0.785317413	2.591547464	0.0289581	893923
1182	use_case_opt	1	80	0.786426655	2.59520796	0.0283583	874175
1183	use_case_opt	1	80	0.927854907	3.061921192	0.0321695	840505
1184	use_case_opt	1	80	0.788090516	2.600698704	0.0276179	849554
1185	use_case_opt	1	80	0.789477068	2.605274324	0.0281312	863821
1186	use_case_opt	1	80	0.787813206	2.59978358	0.026924	828500
1187	use_case_opt	1	80	0.786981275	2.597038208	0.0270763	834067
1188	use_case_opt	1	80	0.785594724	2.592462588	0.0273472	843899
1189	use_case_opt	1	80	0.790031689	2.607104572	0.0264611	811969
1190	use_case_opt	1	80	0.79141824	2.611680192	0.0263855	808229
1191	use_case_opt	1	80	0.786981275	2.597038208	0.0271102	835112
1192	use_case_opt	1	80	0.79169555	2.612595316	0.0265993	814492
1193	use_case_opt	1	80	0.790031689	2.607104572	0.0279046	856263
1194	use_case_opt	1	80	0.787813206	2.59978358	0.0280206	862245
1195	use_case_opt	1	80	0.790586309	2.60893482	0.0291382	893488
1196	use_case_opt	1	80	0.790308999	2.608019696	0.027656	848335
1197	use_case_opt	1	80	0.788367827	2.601613828	0.0272542	838070
1198	use_case_opt	1	80	0.786981275	2.597038208	0.0281128	865996
1199	use_case_opt	1	80	0.789199758	2.6043592	0.0276625	849728
1200	use_case_opt	1	80	0.784485483	2.588802092	0.0272016	840592
1201	use_case_opt	1	80	0.788367827	2.601613828	0.0265837	817451
1202	use_case_opt	1	80	0.786981275	2.597038208	0.0266527	821018
1203	use_case_opt	1	80	0.788922447	2.603444076	0.0274998	845029
1204	use_case_opt	1	80	0.782267	2.581481101	0.0269057	833807
1205	use_case_opt	1	80	0.789754378	2.606189448	0.0270357	829892
1206	use_case_opt	1	80	0.790308999	2.608019696	0.0588941	1806552
1207	use_case_opt	1	80	0.788367827	2.601613828	0.0278455	856252
1208	use_case_opt	1	80	0.789754378	2.606189448	0.0270329	829805
1209	use_case_opt	1	80	0.79114093	2.610765068	0.0284062	870433
1210	use_case_opt	1	80	0.789477068	2.605274324	0.0262357	805619
1211	use_case_opt	1	80	0.790308999	2.608019696	0.0271199	831892
1212	use_case_opt	1	80	0.931459941	3.073817804	0.031733	825890
1213	use_case_opt	1	80	0.787813206	2.59978358	0.026514	815884
1214	use_case_opt	1	80	0.785872034	2.593377712	0.0278194	858167
1215	use_case_opt	1	80	0.783098931	2.584226473	0.0267488	828064
1216	use_case_opt	1	80	0.786703965	2.596123084	0.0262904	810143
1217	use_case_opt	1	80	0.790031689	2.607104572	0.027547	845290
1218	use_case_opt	1	80	0.789477068	2.605274324	0.0263859	810230
1219	use_case_opt	1	80	0.785317413	2.591547464	0.027935	862343
1220	use_case_opt	1	80	0.785317413	2.591547464	0.0270247	834241
1221	use_case_opt	1	80	0.789477068	2.605274324	0.027505	844595
1222	use_case_opt	1	80	0.79114093	2.610765068	0.0267254	818929
1223	use_case_opt	1	80	0.788922447	2.603444076	0.0265769	816667
1224	use_case_opt	1	80	0.793636722	2.619001184	0.0261176	797789
1225	use_case_opt	1	80	0.786149344	2.594292836	0.0271098	835981
1226	use_case_opt	1	80	0.789199758	2.6043592	0.0274132	842071
1227	use_case_opt	1	80	0.791972861	2.61351044	0.0279529	855644
1228	use_case_opt	1	80	0.787813206	2.59978358	0.0271785	836330
1229	use_case_opt	1	80	0.790308999	2.608019696	0.0264534	811448
1230	use_case_opt	1	80	0.79141824	2.611680192	0.0275584	844159
1231	use_case_opt	1	80	0.788090516	2.600698704	0.0277141	852512
1232	use_case_opt	1	80	0.788367827	2.601613828	0.0267251	821800
1233	use_case_opt	1	80	0.787813206	2.59978358	0.0274753	845464
1234	use_case_opt	1	80	0.788922447	2.603444076	0.0270157	830152
1235	use_case_opt	1	80	0.786703965	2.596123084	0.0257794	794396
1236	use_case_opt	1	80	0.783098931	2.584226473	0.0268814	832168
1237	use_case_opt	1	80	0.787535896	2.598868456	0.0259249	798036
1238	use_case_opt	1	80	0.787258586	2.597953332	0.0272752	839897
1239	use_case_opt	1	80	0.79169555	2.612595316	0.0271845	832414
1240	use_case_opt	1	80	0.787813206	2.59978358	0.0283207	871478
1241	use_case_opt	1	80	0.935064974	3.085714415	0.0327584	849292
1242	use_case_opt	1	80	0.786149344	2.594292836	0.0273016	841898
1243	use_case_opt	1	80	0.79141824	2.611680192	0.0280896	860428
1244	use_case_opt	1	80	0.788922447	2.603444076	0.0271629	834676
1245	use_case_opt	1	80	0.786703965	2.596123084	0.0279025	859820
1246	use_case_opt	1	80	0.788922447	2.603444076	0.0285757	878090
1247	use_case_opt	1	80	0.787535896	2.598868456	0.0261797	805879
1248	use_case_opt	1	80	0.790031689	2.607104572	0.027581	846334
1249	use_case_opt	1	80	0.783376241	2.585141597	0.0271463	840071
1250	use_case_opt	1	80	0.790863619	2.609849944	0.0264237	809968
1251	use_case_opt	1	80	0.787258586	2.597953332	0.0269475	829807
1252	use_case_opt	1	80	0.785872034	2.593377712	0.0263217	811968
1253	use_case_opt	1	80	0.789754378	2.606189448	0.026449	811883
1254	use_case_opt	1	80	0.790031689	2.607104572	0.0285705	876697
1255	use_case_opt	1	80	0.785040103	2.59063234	0.0279562	863300
1256	use_case_opt	1	80	0.816376167	2.694041351	0.0284363	844421
1257	use_case_opt	1	80	0.787535896	2.598868456	0.0273469	841810
1258	use_case_opt	1	80	0.789477068	2.605274324	0.0267032	819974
1259	use_case_opt	1	80	0.789477068	2.605274324	0.028457	873827
1260	use_case_opt	1	80	0.789199758	2.6043592	0.0287217	882265
1261	use_case_opt	1	80	0.784208172	2.587886969	0.0281461	870086
1262	use_case_opt	1	80	0.789199758	2.6043592	0.027215	835981
1263	use_case_opt	1	80	0.788922447	2.603444076	0.0268147	823976
1264	use_case_opt	1	80	0.788367827	2.601613828	0.0263658	810751
1265	use_case_opt	1	80	0.788645137	2.602528952	0.0270515	831544
1266	use_case_opt	1	80	0.788645137	2.602528952	0.0267459	822149
1267	use_case_opt	1	80	0.786149344	2.594292836	0.0265794	819625
1268	use_case_opt	1	80	0.791972861	2.61351044	0.0267876	819974
1269	use_case_opt	1	80	0.789477068	2.605274324	0.0280263	860602
1270	use_case_opt	1	80	0.824695476	2.72149507	0.0285604	839549
1271	use_case_opt	1	80	0.786149344	2.594292836	0.0263311	811969
1272	use_case_opt	1	80	0.789754378	2.606189448	0.0271576	833632
1273	use_case_opt	1	80	0.786703965	2.596123084	0.0264259	814319
1274	use_case_opt	1	80	0.788367827	2.601613828	0.0273447	840854
1275	use_case_opt	1	80	0.787258586	2.597953332	0.0276368	851032
1276	use_case_opt	1	80	0.794191343	2.620831432	0.0277833	848075
1277	use_case_opt	1	80	0.789199758	2.6043592	0.0269601	828151
1278	use_case_opt	1	80	0.788645137	2.602528952	0.0280393	861907
1279	use_case_opt	1	80	0.793359412	2.61808606	0.0269	821974
1280	use_case_opt	1	80	0.787258586	2.597953332	0.0266338	820147
1281	use_case_opt	1	80	0.787813206	2.59978358	0.0269636	829718
1282	use_case_opt	1	80	0.787813206	2.59978358	0.0267233	822323
1283	use_case_opt	1	80	0.783930862	2.586971845	0.0267238	826411
1284	use_case_opt	1	80	0.783930862	2.586971845	0.027534	851468
1285	use_case_opt	1	80	0.931737251	3.074732928	0.0334845	871216
1286	use_case_opt	1	80	0.788645137	2.602528952	0.0283874	872608
1287	use_case_opt	1	80	0.792250171	2.614425564	0.02707	828326
1288	use_case_opt	1	80	0.787258586	2.597953332	0.0276622	851815
1289	use_case_opt	1	80	0.789754378	2.606189448	0.0272058	835111
1290	use_case_opt	1	80	0.786981275	2.597038208	0.0266047	819538
1291	use_case_opt	1	80	0.786149344	2.594292836	0.0263339	812057
1292	use_case_opt	1	80	0.788922447	2.603444076	0.0266335	818408
1293	use_case_opt	1	80	0.785594724	2.592462588	0.0264084	814927
1294	use_case_opt	1	80	0.787258586	2.597953332	0.0277554	854686
1295	use_case_opt	1	80	0.787535896	2.598868456	0.0274007	843466
1296	use_case_opt	1	80	0.789477068	2.605274324	0.0270148	829541
1297	use_case_opt	1	80	0.789477068	2.605274324	0.0268534	824585
1298	use_case_opt	1	80	0.790586309	2.60893482	0.0275749	845552
1299	use_case_opt	1	80	0.787535896	2.598868456	0.0280255	862699
1300	use_case_opt	1	80	0.787813206	2.59978358	0.0271103	834232
1301	use_case_opt	1	80	0.784485483	2.588802092	0.0270383	835547
1302	use_case_opt	1	80	0.787535896	2.598868456	0.0281326	865996
1303	use_case_opt	1	80	0.784208172	2.587886969	0.0267276	826237
1304	use_case_opt	1	80	0.788090516	2.600698704	0.0274878	845551
1305	use_case_opt	1	80	0.786981275	2.597038208	0.0282682	870782
1306	use_case_opt	1	80	0.787813206	2.59978358	0.0271558	835633
1307	use_case_opt	1	80	0.786703965	2.596123084	0.027462	846248
1308	use_case_opt	1	80	0.790308999	2.608019696	0.0271823	833807
1309	use_case_opt	1	80	0.784762793	2.589717216	0.0271887	839896
1310	use_case_opt	1	80	0.790586309	2.60893482	0.0266301	816581
1311	use_case_opt	1	80	0.785594724	2.592462588	0.0279815	863473
1312	use_case_opt	1	80	0.784485483	2.588802092	0.0279421	863474
1313	use_case_opt	1	80	0.785872034	2.593377712	0.0279012	860689
1314	use_case_opt	1	80	0.787258586	2.597953332	0.0266988	822148
1315	use_case_opt	1	80	0.790586309	2.60893482	0.0270614	829805
1316	use_case_opt	1	80	0.785317413	2.591547464	0.0274531	847465
1317	use_case_opt	1	80	0.790308999	2.608019696	0.0272759	836678
1318	use_case_opt	1	80	0.78254431	2.582396225	0.0265614	822844
1319	use_case_opt	1	80	0.785040103	2.59063234	0.0275476	850684
1320	use_case_opt	1	80	0.786703965	2.596123084	0.0275326	848423
1321	use_case_opt	1	80	0.785040103	2.59063234	0.0266151	821887
1322	use_case_opt	1	80	0.79141824	2.611680192	0.0264451	810055
1323	use_case_opt	1	80	0.786426655	2.59520796	0.0278418	858253
1324	use_case_opt	1	80	0.789477068	2.605274324	0.0686464	2107921
1325	use_case_opt	1	80	0.785317413	2.591547464	0.0281971	870433
1326	use_case_opt	1	80	0.788922447	2.603444076	0.0273243	839636
1327	use_case_opt	1	80	0.784485483	2.588802092	0.0275592	851642
1328	use_case_opt	1	80	0.787258586	2.597953332	0.0268372	826411
1329	use_case_opt	1	80	0.788922447	2.603444076	0.0269591	828412
1330	use_case_opt	1	80	0.786981275	2.597038208	0.0266668	821452
1331	use_case_opt	1	80	0.787258586	2.597953332	0.0277385	854164
1332	use_case_opt	1	80	0.782267	2.581481101	0.0263246	815798
1333	use_case_opt	1	80	0.786426655	2.59520796	0.0260723	803704
1334	use_case_opt	1	80	0.786149344	2.594292836	0.0271916	838504
1335	use_case_opt	1	80	0.786981275	2.597038208	0.0279123	859820
1336	use_case_opt	1	80	0.790586309	2.60893482	0.0281026	861734
1337	use_case_opt	1	80	0.791972861	2.61351044	0.0274556	840419
1338	use_case_opt	1	80	0.788090516	2.600698704	0.0268571	826150
1339	use_case_opt	1	80	0.787813206	2.59978358	0.0284083	874175
1340	use_case_opt	1	80	0.787535896	2.598868456	0.0277963	855643
1341	use_case_opt	1	80	0.788367827	2.601613828	0.0269316	828152
1342	use_case_opt	1	80	0.79114093	2.610765068	0.0272223	834155
1343	use_case_opt	1	80	0.783098931	2.584226473	0.0273334	846160
1344	use_case_opt	1	80	0.788367827	2.601613828	0.0286999	882527
1345	use_case_opt	1	80	0.79114093	2.610765068	0.0272564	835199
1346	use_case_opt	1	80	0.792804792	2.616255812	0.0264288	808141
1347	use_case_opt	1	80	0.792804792	2.616255812	0.028116	859732
1348	use_case_opt	1	80	0.788090516	2.600698704	0.0269901	830239
1349	use_case_opt	1	80	0.788645137	2.602528952	0.0271251	833807
1350	use_case_opt	1	80	0.792527481	2.615340688	0.0276597	846074
1351	use_case_opt	1	80	0.786703965	2.596123084	0.0285659	880264
1352	use_case_opt	1	80	0.786149344	2.594292836	0.027437	846073
1353	use_case_opt	1	80	0.790586309	2.60893482	0.0274983	843203
1354	use_case_opt	1	80	0.785317413	2.591547464	0.0276109	852338
1355	use_case_opt	1	80	0.788645137	2.602528952	0.0276657	850423
1356	use_case_opt	1	80	0.79114093	2.610765068	0.0265579	813796
1357	use_case_opt	1	80	0.787813206	2.59978358	0.026924	828499
1358	use_case_opt	1	80	0.787258586	2.597953332	0.0279052	859297
1359	use_case_opt	1	80	0.784208172	2.587886969	0.0278956	862343
1360	use_case_opt	1	80	0.79114093	2.610765068	0.0274807	842071
1361	use_case_opt	1	80	0.785317413	2.591547464	0.0262835	811360
1362	use_case_opt	1	80	0.790308999	2.608019696	0.0270008	828239
1363	use_case_opt	1	80	0.783653552	2.586056721	0.02645	818234
1364	use_case_opt	1	80	0.786703965	2.596123084	0.0264231	814231
1365	use_case_opt	1	80	0.788367827	2.601613828	0.0260206	800137
1366	use_case_opt	1	80	0.787535896	2.598868456	0.0284549	875915
1367	use_case_opt	1	80	0.786149344	2.594292836	0.0274653	846944
1368	use_case_opt	1	80	0.786981275	2.597038208	0.0266414	820669
1369	use_case_opt	1	80	0.788367827	2.601613828	0.028103	864170
1370	use_case_opt	1	80	0.796409825	2.628152424	0.0273407	832240
1371	use_case_opt	1	80	0.793082102	2.617170936	0.0275965	843551
1372	use_case_opt	1	80	0.787535896	2.598868456	0.0282401	869303
1373	use_case_opt	1	80	0.788922447	2.603444076	0.0267835	823018
1374	use_case_opt	1	80	0.789199758	2.6043592	0.0274387	842855
1375	use_case_opt	1	80	0.786981275	2.597038208	0.0270679	833807
1376	use_case_opt	1	80	0.786981275	2.597038208	0.0267374	823627
1377	use_case_opt	1	80	0.786149344	2.594292836	0.0278151	857732
1378	use_case_opt	1	80	0.788090516	2.600698704	0.0278668	857209
1379	use_case_opt	1	80	0.787813206	2.59978358	0.0264801	814841
1380	use_case_opt	1	80	0.786981275	2.597038208	0.0264211	813883
1381	use_case_opt	1	80	0.79114093	2.610765068	0.0287867	882091
1382	use_case_opt	1	80	0.786149344	2.594292836	0.0281593	868345
1383	use_case_opt	1	80	0.789199758	2.6043592	0.0270054	829544
1384	use_case_opt	1	80	0.91260284	3.011589373	0.0313918	833894
1385	use_case_opt	1	80	0.790863619	2.609849944	0.0265656	814318
1386	use_case_opt	1	80	0.787258586	2.597953332	0.0270831	833981
1387	use_case_opt	1	80	0.789754378	2.606189448	0.0272001	834937
1388	use_case_opt	1	80	0.787535896	2.598868456	0.0273328	841376
1389	use_case_opt	1	80	0.787813206	2.59978358	0.0269834	830327
1390	use_case_opt	1	80	0.785872034	2.593377712	0.0274246	845987
1391	use_case_opt	1	80	0.787258586	2.597953332	0.0274079	843985
1392	use_case_opt	1	80	0.788367827	2.601613828	0.0264592	813623
1393	use_case_opt	1	80	0.792527481	2.615340688	0.026741	817972
1394	use_case_opt	1	80	0.789477068	2.605274324	0.0283295	869911
1395	use_case_opt	1	80	0.785872034	2.593377712	0.0278617	859471
1396	use_case_opt	1	80	0.789754378	2.606189448	0.0271349	832936
1397	use_case_opt	1	80	0.78254431	2.582396225	0.0279431	865649
1398	use_case_opt	1	80	0.786426655	2.59520796	0.0286292	882526
1399	use_case_opt	1	80	0.788367827	2.601613828	0.0262809	808142
1400	use_case_opt	1	80	0.790308999	2.608019696	0.0263967	809708
1401	use_case_opt	1	80	0.789754378	2.606189448	0.027356	839723
1402	use_case_opt	1	80	0.792250171	2.614425564	0.0287616	880090
1403	use_case_opt	1	80	0.790586309	2.60893482	0.0273422	838418
1404	use_case_opt	1	80	0.785594724	2.592462588	0.025791	795875
1405	use_case_opt	1	80	0.79141824	2.611680192	0.0280725	859906
1406	use_case_opt	1	80	0.789754378	2.606189448	0.0288609	885920
1407	use_case_opt	1	80	0.785317413	2.591547464	0.0277998	858167
1408	use_case_opt	1	80	0.786981275	2.597038208	0.027195	837722
1409	use_case_opt	1	80	0.789199758	2.6043592	0.0278012	853990
1410	use_case_opt	1	80	0.787535896	2.598868456	0.0288138	886964
1411	use_case_opt	1	80	0.789754378	2.606189448	0.0280277	860342
1412	use_case_opt	1	80	0.788367827	2.601613828	0.0267562	822757
1413	use_case_opt	1	80	0.789199758	2.6043592	0.0274642	843638
1414	use_case_opt	1	80	0.788367827	2.601613828	0.0278568	856600
1415	use_case_opt	1	80	0.786149344	2.594292836	0.0273834	844420
1416	use_case_opt	1	80	0.793359412	2.61808606	0.0268744	821191
1417	use_case_opt	1	80	0.787258586	2.597953332	0.0284025	874610
1418	use_case_opt	1	80	0.788645137	2.602528952	0.0280987	863735
1419	use_case_opt	1	80	0.789477068	2.605274324	0.0279243	857470
1420	use_case_opt	1	80	0.789477068	2.605274324	0.0266551	818495
1421	use_case_opt	1	80	0.79141824	2.611680192	0.0291206	892010
1422	use_case_opt	1	80	0.788367827	2.601613828	0.0277521	853381
1423	use_case_opt	1	80	0.785872034	2.593377712	0.0262993	811274
1424	use_case_opt	1	80	0.789199758	2.6043592	0.0281213	863821
1425	use_case_opt	1	80	0.788367827	2.601613828	0.0273023	839548
1426	use_case_opt	1	80	0.787813206	2.59978358	0.0282217	868433
1427	use_case_opt	1	80	0.786426655	2.59520796	0.0276415	852076
1428	use_case_opt	1	80	0.788090516	2.600698704	0.0274228	843551
1429	use_case_opt	1	80	0.785872034	2.593377712	0.0291195	898273
1430	use_case_opt	1	80	0.792804792	2.616255812	0.0273393	835982
1431	use_case_opt	1	80	0.79114093	2.610765068	0.0265579	813796
1432	use_case_opt	1	80	0.785040103	2.59063234	0.0266377	822584
1433	use_case_opt	1	80	0.784762793	2.589717216	0.0273126	843724
1434	use_case_opt	1	80	0.790031689	2.607104572	0.0271047	831719
1435	use_case_opt	1	80	0.79114093	2.610765068	0.0262967	805792
1436	use_case_opt	1	80	0.785317413	2.591547464	0.0261454	807098
1437	use_case_opt	1	80	0.790863619	2.609849944	0.0276555	847726
1438	use_case_opt	1	80	0.789199758	2.6043592	0.02843	873305
1439	use_case_opt	1	80	0.784762793	2.589717216	0.0264818	818060
1440	use_case_opt	1	80	0.790308999	2.608019696	0.0265328	813884
1441	use_case_opt	1	80	0.79114093	2.610765068	0.0280712	860167
1442	use_case_opt	1	80	0.789199758	2.6043592	0.026252	806401
1443	use_case_opt	1	80	0.789199758	2.6043592	0.0273991	841636
1444	use_case_opt	1	80	0.786703965	2.596123084	0.0266687	821801
1445	use_case_opt	1	80	0.789477068	2.605274324	0.0265842	816319
1446	use_case_opt	1	80	0.786981275	2.597038208	0.0276016	850249
1447	use_case_opt	1	80	0.787258586	2.597953332	0.0273345	841723
1448	use_case_opt	1	80	0.790031689	2.607104572	0.0276321	847900
1449	use_case_opt	1	80	0.787813206	2.59978358	0.0267176	822149
